[(0.032482902519274215, 0.0), (0.06496580503854843, 5.3799219378990157), (0.097484021468435406, 12.996551962845135), (0.13002584459212468, 18.386232519208086), (0.16262691011534403, 26.022268002420205)]
[(0.16262691011534403, 26.022268002420205), (0.19540766319564087, 33.700391084295568)]
[(0.16262691011534403, 26.022268002420205), (0.49754389607523586, 81.492287624942975), (0.92448095778602823, 181.4922876249417)]
[(0.19540766319564087, 33.700391084295568), (0.22844504491380804, 39.172147635941386), (0.26156931826129548, 46.930732288853477), (0.29474355283377895, 52.425154846801028), (0.32800576620898253, 60.216048718117214)]
[(0.19540766319564087, 33.700391084295568), (0.46542636970483431, 78.421750634291101), (0.77721711548346917, 151.45142496831255), (1.1797372374508837, 245.73232912651753), (1.7197746504692706, 335.17504822650722)]
[(0.32800576620898253, 60.216048718117214), (0.36160099425931497, 68.084943471763523)]
[(0.32800576620898253, 60.216048718117214), (0.57449799371473642, 101.04087776450336), (0.84451670022392988, 145.76223731449875), (1.167250783299185, 199.21448569698322), (1.5158434344573763, 256.94951261594485), (1.9183635564247907, 323.61617928261035)]
[(0.36160099425931497, 68.084943471763523), (0.39575595919617834, 76.084943471763495), (0.429965703582735, 81.7508704684642)]
[(0.36160099425931497, 68.084943471763523), (0.55496540625943658, 113.37602483754719), (0.75622546724314377, 160.51647691664994), (0.96332036146954869, 194.81619394515138), (1.191527820132084, 248.26844232763585), (1.443321562266737, 289.97132513905024), (1.7133402687759307, 334.69268468904534), (2.0774334183579324, 419.9729712312876), (2.5704178733694403, 501.62262932405872)]
[(0.429965703582735, 81.7508704684642), (0.52285496249829211, 103.50800219728097), (0.61657982378000786, 119.03101271140756), (0.71234559008292353, 141.46189887508916)]
[(0.429965703582735, 81.7508704684642), (0.46683025803451428, 90.385528303991094), (0.5037292171176283, 96.496851617512476), (0.54069727543557899, 102.61961936673873), (0.57773482264627751, 108.75389608805615)]
[(0.71234559008292353, 141.46189887508916), (0.81228399704927623, 164.87012831431508)]
[(0.71234559008292353, 141.46189887508916), (1.1148657120503378, 235.74280303329414)]
[(0.57773482264627751, 108.75389608805615), (0.8796249141218383, 179.46457420671044), (1.2437180637038399, 264.74486074895276), (1.783755476722227, 391.2359671556851)]
[(0.57773482264627751, 108.75389608805615), (0.61512578957365316, 117.5118537077449), (0.65257064694493616, 123.71359043720531), (0.69014216039259091, 132.51383684755453)]
[(0.81228399704927623, 164.87012831431508), (0.97511140357074721, 191.83812281284457), (1.1442036766341959, 231.44402453191117), (1.3203444591397211, 272.70087438226233)]
[(0.81228399704927623, 164.87012831431508), (0.9395720359958567, 185.95197938210407), (1.0690360964815677, 207.39423007885978), (1.201583066437707, 229.34708207679768), (1.3391973418457381, 261.58000063781242), (1.4815096957493354, 285.15022667736366), (1.6336480015243591, 320.78505893235297), (1.7950150430619867, 358.58150623327515)]
[(0.69014216039259091, 132.51383684755453), (0.73131962709830201, 142.1586932909627), (0.77261732024002627, 151.83170995909612), (0.81401195645678959, 158.68762166100669)]
[(0.69014216039259091, 132.51383684755453), (0.78248660957141325, 147.80821910559189), (0.87565191444149604, 163.23855410180096)]
[(1.3203444591397211, 272.70087438226233), (1.5485519178022566, 326.1531227647464), (1.8003456599369096, 385.12990522670407)]
[(1.3203444591397211, 272.70087438226233), (1.6132208672529245, 321.20799938952814), (1.9618135184111158, 402.85765748229926), (2.3887505801219082, 502.85765748229733)]
[(1.7950150430619867, 358.58150623327515), (2.0969051345375473, 408.58150623327424), (2.4609982841195492, 493.86179277551651), (2.8635184060869636, 560.5284594421812), (3.4035558191053505, 649.97117854216958)]
[(1.7950150430619867, 358.58150623327515), (1.9883794550621086, 390.60713699429209), (2.189639516045816, 423.94047032762489), (2.4065237602792511, 459.8615307329793), (2.6433458321860503, 515.33155035550067)]
[(0.81401195645678959, 158.68762166100669), (0.98147044943673556, 197.91084868864306), (1.1522452741210525, 226.19511993610473), (1.3363965035114616, 269.32822921747947)]
[(0.81401195645678959, 158.68762166100669), (0.85683970913092511, 168.71901891251701)]
[(0.87565191444149604, 163.23855410180096), (1.2781720364089104, 229.90522076846696), (1.7711564914204181, 345.37527460638978)]
[(0.87565191444149604, 163.23855410180096), (0.97264549711242165, 179.30294067985079), (1.0705915764413445, 195.52508279292692), (1.1698524270735522, 211.96498152346254)]
[(1.8003456599369096, 385.12990522670407), (2.1822097767766513, 474.5726243266937), (2.638624694101722, 581.47712109165968)]
[(1.8003456599369096, 385.12990522670407), (2.1644388095189111, 445.43217414225603), (2.5669589314863259, 512.09884080892061), (3.1069963445047128, 638.58994721565114)]
[(2.6433458321860503, 515.33155035550067), (2.9660799152613055, 568.78379873798394), (3.3146725664194974, 626.51882565694473), (3.8076570214310053, 708.16848374971482)]
[(2.6433458321860503, 515.33155035550067), (3.099760749511121, 622.23604712046676)]
[(1.3363965035114616, 269.32822921747947), (1.6292729116246649, 317.83535422474529), (1.9641898975845569, 396.28180828001757), (2.3127825487427485, 454.01683519897927), (2.8057670037542564, 535.66649329174925)]
[(1.3363965035114616, 269.32822921747947), (1.5779085766919103, 309.32822921747879)]
[(0.85683970913092511, 168.71901891251701), (1.1497161172441286, 217.22614391978317), (1.4724502003193838, 292.81903852162725), (1.8543143171591256, 356.06459172499365), (2.3472987721706331, 437.71424981776477)]
[(0.85683970913092511, 168.71901891251701), (0.90021655797761213, 178.87902907253218), (0.94370578226868951, 189.06536054649933), (0.98745107878823113, 199.31167093807045), (1.0314278335187543, 209.61219499056247)]
[(1.1698524270735522, 211.96498152346254), (1.2765866925012501, 236.96498152346231), (1.3850288146179677, 262.36500692350012)]
[(1.1698524270735522, 211.96498152346254), (1.5047694130334441, 267.43500114598476), (1.8866335298731858, 356.87772024597439)]
[(1.1698524270735522, 211.96498152346254), (1.7098898400919393, 301.40770062345223)]
[(1.5779085766919103, 309.32822921747879), (1.8797986681674712, 380.03890733613264), (2.2616627850072129, 469.48162643612227)]
[(1.5779085766919103, 309.32822921747879), (2.117945989710297, 435.81933562421113)]
[(1.0314278335187543, 209.61219499056247), (1.0773655948067551, 220.37203886636044), (1.1234368963802122, 231.16316142406089), (1.1696767726170256, 238.82155723473568), (1.2161557927714512, 249.70817831377195)]
[(1.0314278335187543, 209.61219499056247), (1.2273199921765998, 255.49534176467401), (1.4314349483933611, 303.3044861380489), (1.6519042990446446, 354.94426408748029), (1.8934163722250934, 411.51280658240341), (2.156927647604884, 455.15638462960123), (2.4796617306801392, 530.74927923144423), (2.8437548802621411, 591.0515481469954), (3.3367393352736485, 672.7012062397655)]
[(1.0314278335187543, 209.61219499056247), (1.2832215756534073, 251.31507780197717), (1.5467328510331981, 294.95865584917499), (1.8396092591464015, 343.4657808564408), (2.2665463208571937, 443.46578085643887), (2.7595307758687015, 525.11543894920896)]
[(1.3850288146179677, 262.36500692350012), (1.8414437319430388, 369.26950368846769)]
[(1.3850288146179677, 262.36500692350012), (1.4976343993623953, 281.01510308830609), (1.6143736662066985, 308.35854016929227)]
[(1.2161557927714512, 249.70817831377195), (1.4263650706927185, 298.94477470550407), (1.646834421344002, 335.45961187251464)]
[(1.2161557927714512, 249.70817831377195), (1.264038675922909, 260.92362139561271), (1.312072848181681, 272.17450040487279)]
[(1.6143736662066985, 308.35854016929227), (1.7402705372740248, 337.84693140027127), (1.8697345977597357, 368.17085314342694)]
[(1.6143736662066985, 308.35854016929227), (1.9784668157887, 368.66080908484423), (2.4348817331137709, 475.56530584981181)]
[(1.646834421344002, 335.45961187251464), (1.9487245128195627, 406.17028999116849)]
[(1.646834421344002, 335.45961187251464), (2.0737714830547942, 406.17028999116849), (2.6138088960731816, 495.61300909115812)]
[(1.312072848181681, 272.17450040487279), (1.5966975559888761, 338.84116707153828), (1.9084883017675107, 411.87084140555919), (2.2725814513495122, 497.15112794780146), (2.7289963686745833, 604.05562471276744)]
[(1.312072848181681, 272.17450040487279), (1.3609655382601724, 283.62646709115), (1.4101820245267529, 295.15427544523453), (1.4596871730120486, 303.35347606214231)]
[(1.8697345977597357, 368.17085314342694), (2.0073488731677669, 390.96296843535424), (2.1516799428502336, 424.7691386244943)]
[(1.8697345977597357, 368.17085314342694), (2.3261495150848064, 443.76374774527096)]
[(1.9487245128195627, 406.17028999116849), (2.3305886296593044, 469.41584319453489), (2.8706260426776917, 595.9069496012653)]
[(1.9487245128195627, 406.17028999116849), (2.4887619258379496, 495.61300909115812)]
[(1.4596871730120486, 303.35347606214231), (1.7297058795212421, 366.59902926550865), (2.0315959709968028, 437.30970738416249), (2.354330054072058, 490.76195576664657), (2.8107449713971291, 597.66645253161255)]
[(1.4596871730120486, 303.35347606214231), (1.5102220015161645, 315.19007518558578)]
[(2.1516799428502336, 424.7691386244943), (2.4445563509634369, 473.27626363176012)]
[(2.1516799428502336, 424.7691386244943), (2.3191384358301792, 452.50414843575538), (2.4916470595305, 481.0755770071836)]
[(1.5102220015161645, 315.19007518558578), (1.5676597907484795, 324.70310506867554), (1.6252935025141293, 334.24858426674234)]
[(1.5102220015161645, 315.19007518558578), (1.6169562669438624, 332.86774471524922)]
[(2.4445563509634369, 473.27626363176012), (2.9845937639818239, 562.71898273174861)]
[(2.4445563509634369, 473.27626363176012), (2.8470764729308513, 567.55716778996316), (3.3871138859492387, 694.04827419669368)]
[(2.4916470595305, 481.0755770071836), (2.6901687607949154, 527.57463250471005), (2.9003780387161826, 576.81122889644166)]
[(2.4916470595305, 481.0755770071836), (2.9185841212412922, 581.0755770071803), (3.4586215342596796, 670.51829610716868)]
[(1.6252935025141293, 334.24858426674234), (1.8238152037785449, 380.74763976426937), (2.0340244816998121, 429.98423615600154), (2.2622319403623479, 483.43648453848562), (2.5087241678681016, 524.26131358487078), (2.7857575154045686, 570.14446035898186)]
[(1.6252935025141293, 334.24858426674234), (1.6858230342677822, 348.4262083669089), (1.7466590466225824, 362.67561836449062), (1.8077279992514479, 372.79005311297396)]
[(1.6169562669438624, 332.86774471524922), (1.7281212091868241, 358.90552691141363), (1.8402403744445348, 377.47506072911858), (1.9538380980482521, 396.28947809679028), (2.0695014039934962, 415.44600380121301)]
[(1.6169562669438624, 332.86774471524922), (2.0733711842689333, 439.77224148021673)]
[(2.9003780387161826, 576.81122889644166), (3.1468702662219363, 634.54625581540245)]
[(2.9003780387161826, 576.81122889644166), (3.4404154517345695, 703.30233530317219)]
[(2.7857575154045686, 570.14446035898186), (3.2126945771153612, 670.14446035897845), (3.7527319901337481, 759.58717945896683)]
[(2.7857575154045686, 570.14446035898186), (3.2126945771153612, 640.85513847763468), (3.7527319901337481, 730.29785757762306)]
[(1.8077279992514479, 372.79005311297396), (1.9284840358416722, 401.07432436043541), (2.0517301495945492, 429.94183781991637)]
[(1.8077279992514479, 372.79005311297396), (1.8790080338721813, 389.48573053556737), (1.9507900467696415, 406.29898460393508), (2.0230847948474531, 423.23233487062691)]
[(2.0695014039934962, 415.44600380121301), (2.1933944834186692, 444.46505380561314), (2.3206825223652499, 465.54690487340201), (2.4540352563993348, 496.78165725112274)]
[(2.0695014039934962, 415.44600380121301), (2.4335945535754977, 475.74827271676497), (2.8900094709005684, 582.65276948173096)]
[(3.1468702662219363, 634.54625581540245), (3.5287343830616784, 723.98897491539083), (4.0217188380731859, 839.45902875331194)]
[(3.1468702662219363, 634.54625581540245), (3.5493903881893507, 701.21292248206714), (4.0423748432008582, 782.86258057483724)]
[(2.0517301495945492, 429.94183781991637), (2.1819447326603467, 460.44155188643697), (2.3161181066494847, 491.86851993917196), (2.4574523571832625, 524.9727554832657)]
[(2.0517301495945492, 429.94183781991637), (2.5447146046060567, 545.41189165783749)]
[(2.0230847948474531, 423.23233487062691), (2.0963038968757539, 435.35911612244337), (2.1700673863402411, 452.63648463407037), (2.2445287483906045, 470.07731344194804)]
[(2.0230847948474531, 423.23233487062691), (2.56312220786584, 512.67505397061541)]
[(2.4540352563993348, 496.78165725112274), (2.7386599642065299, 563.44832391778732), (3.0504507099851645, 636.47799825180732), (3.414543859567166, 721.75828479404845), (3.9075283145786734, 803.40794288681855)]
[(2.4540352563993348, 496.78165725112274), (2.6099306292886522, 533.29649441813285)]
[(2.4574523571832625, 524.9727554832657), (2.9504368121947699, 606.6224135760358)]
[(2.4574523571832625, 524.9727554832657), (2.6083974029210428, 549.97275548326502)]
[(2.2445287483906045, 470.07731344194804), (2.3347860477997746, 485.02601529698654), (2.4258093351952752, 500.10158252587451), (2.5184249874519495, 521.79462830773946)]
[(2.2445287483906045, 470.07731344194804), (2.3770757183467435, 492.03016543988576)]
[(2.6099306292886522, 533.29649441813285), (3.1499680423070391, 622.73921351812123)]
[(2.6099306292886522, 533.29649441813285), (2.7758018021510695, 560.76860720786988), (2.9500981277301652, 601.59343625425504)]
[(2.6083974029210428, 549.97275548326502), (2.782693728500139, 590.79758452965029)]
[(2.6083974029210428, 549.97275548326502), (2.9724905525030443, 610.27502439881619), (3.3994276142138369, 710.27502439881277)]
[(2.5184249874519495, 521.79462830773946), (2.634622537838013, 549.01118100532949), (2.7536069962054395, 576.88050157699342), (2.878157337958601, 606.05349987657155), (3.0083719210243984, 636.55321394309158)]
[(2.5184249874519495, 521.79462830773946), (2.6743203603412664, 547.61451728245493), (2.838648512011769, 586.10453522842886), (3.0129448375908652, 626.92936427481413)]
[(2.3770757183467435, 492.03016543988576), (2.8334906356718141, 598.93466220485175)]
[(2.3770757183467435, 492.03016543988576), (2.5184099688805213, 525.1344009839795), (2.6617210182219853, 548.8700341478559), (2.8081592222785869, 573.12359665148847), (2.9591042680163677, 598.12359665148779)]
[(2.9500981277301652, 601.59343625425504), (3.1542130839469262, 635.39960644339476), (3.3746824345982098, 687.03938439282547)]
[(2.9500981277301652, 601.59343625425504), (3.35261824969758, 668.26010292091973)]
[(2.782693728500139, 590.79758452965029), (3.0401464635531403, 651.09985344520146)]
[(2.782693728500139, 590.79758452965029), (3.0291859560058927, 631.62241357603557), (3.2866386910588941, 674.26255684715647), (3.5566573975680873, 718.98391639715101), (3.9207505471500892, 804.26420293939213), (4.3232706691175036, 870.93086960605683)]
[(3.0083719210243984, 636.55321394309158), (3.1478089814876755, 659.64722471067603)]
[(3.0083719210243984, 636.55321394309158), (3.435308982735191, 736.55321394308817)]
[(3.0129448375908652, 626.92936427481413), (3.3770379871728666, 712.20965081705526), (3.8039750488836592, 812.20965081705185)]
[(3.0129448375908652, 626.92936427481413), (3.2298290818243003, 662.85042468016809), (3.4622241825964277, 701.34044262614202), (3.7087164101021814, 742.1652716725273), (3.9933411179093765, 808.83193833919199)]
[(2.9591042680163677, 598.12359665148779), (3.3409683848561089, 661.36914985485328), (3.7973833021811796, 736.96204445669628)]
[(2.9591042680163677, 598.12359665148779), (3.1298790927006848, 626.40786789894889)]
[(3.3746824345982098, 687.03938439282547), (3.7232750857564012, 768.68904248559556), (4.125795207723816, 862.96994664379849)]
[(3.3746824345982098, 687.03938439282547), (3.6864731803768449, 760.06905872684547), (4.0505663299588468, 820.37132764239664)]
[(3.0401464635531403, 651.09985344520146), (3.3628805466283955, 726.69274804704446), (3.726973696210397, 811.97303458928559)]
[(3.0401464635531403, 651.09985344520146), (3.5801838765715273, 740.54257254518984)]
[(3.1478089814876755, 659.64722471067603), (3.5296730983274167, 749.08994381066441), (4.0697105113458036, 875.58105021739493)]
[(3.1478089814876755, 659.64722471067603), (3.3024212430684248, 695.8615231276824)]
[(3.9933411179093765, 808.83193833919199), (4.3958612398767913, 903.11284249739492)]
[(3.9933411179093765, 808.83193833919199), (4.5333785309277639, 935.32304474592252)]
[(3.1298790927006848, 626.40786789894889), (3.3284007939651001, 672.90692339647535)]
[(3.1298790927006848, 626.40786789894889), (3.5323992146680991, 720.68877205715194), (4.0253836696796066, 836.15882589507305)]
[(3.3024212430684248, 695.8615231276824), (3.49831340172627, 741.74466990179349)]
[(3.3024212430684248, 695.8615231276824), (3.572439949577618, 740.58288267767693), (3.8653163576908214, 809.18231673467812), (4.2002333436507131, 887.62877078994939), (4.6027534656181279, 954.29543745661408)]
[(3.3284007939651001, 672.90692339647535), (3.5652228658718998, 728.37694301899683), (3.8287341412516902, 790.09828300383197), (4.1773267924098816, 871.74794109660206), (4.670311247421389, 987.21799493452318)]
[(3.3284007939651001, 672.90692339647535), (3.7553378556758927, 772.90692339647194), (4.2483223106874002, 854.55658148924203)]
[(3.49831340172627, 741.74466990179349), (3.862406551308271, 827.02495644403461), (4.2893436130190636, 927.0249564440312)]
[(3.49831340172627, 741.74466990179349), (3.7448056292320238, 799.47969682075427)]
[(3.7448056292320238, 799.47969682075427), (4.067539712307279, 875.07259142259727), (4.5605241673187864, 990.54264526051838)]
[(3.7448056292320238, 799.47969682075427), (4.2377900842435317, 914.94975065867538)]
