[(0.04307225182143852, 0.0), (0.086144503642877041, 7.133763750064209), (0.12924418128805695, 14.272069852546702), (0.17242645181188765, 21.424055251068211), (0.2158033006585747, 31.584065411083429), (0.25934904118440261, 38.796249870829612)]
[(0.25934904118440261, 38.796249870829612), (0.30338423681078391, 49.110462333417516)]
[(0.25934904118440261, 38.796249870829612), (0.59426602714429444, 117.24270392610295), (0.958359176726296, 177.54497284165529), (1.4513436317378037, 259.19463093442641)]
[(0.30338423681078391, 49.110462333417516), (0.38100915712183708, 61.96694926408199), (0.4594486319557986, 80.339557751066906), (0.53872885401050108, 93.470201037039118), (0.61941237477931488, 112.36842468750038), (0.70119868274765118, 125.91413391707226), (0.78452826468125014, 145.43213537604277), (0.86907440121297452, 159.43493621632277), (0.95424914221034973, 173.54184853349463)]
[(0.30338423681078391, 49.110462333417516), (0.35690840899909454, 57.975306476976215), (0.41069742284497041, 70.574122243950399), (0.46464724127634566, 79.509463276125786), (0.51875931516710461, 88.471677575090183)]
[(0.95424914221034973, 173.54184853349463), (1.0423195334631123, 194.17027345867035)]
[(0.95424914221034973, 173.54184853349463), (1.356769264177764, 267.82275269169895)]
[(0.51875931516710461, 88.471677575090183), (0.90062343200684636, 177.91439667508047)]
[(0.51875931516710461, 88.471677575090183), (0.57364842270811567, 101.32816450575464)]
[(1.0423195334631123, 194.17027345867035), (1.1386933424860626, 216.74357937799419), (1.2363188118571302, 239.61005739699522), (1.3362572188234829, 263.01828683622097)]
[(1.0423195334631123, 194.17027345867035), (1.266557863978534, 231.30934109408031)]
[(0.57364842270811567, 101.32816450575464), (0.63134788887252169, 110.88453415710455), (0.68924597685036038, 120.47380018681221), (0.747615610272512, 130.14116507726879), (0.80625992583970263, 139.85402370084137)]
[(0.57364842270811567, 101.32816450575464), (0.75569499749911651, 143.96830777687637), (0.95421669876353199, 190.46736327440374), (1.1583316549802931, 224.27353346354408), (1.3752158992137282, 260.19459386889855)]
[(1.3362572188234829, 263.01828683622097), (1.8292416738349904, 378.48834067414373)]
[(1.3362572188234829, 263.01828683622097), (1.4394260633998663, 287.18317056942772)]
[(1.266557863978534, 231.30934109408031), (1.6484219808182756, 320.75206019406994), (2.075359042529068, 391.46273831272379)]
[(1.266557863978534, 231.30934109408031), (1.589291947053789, 306.90223569592433), (1.9711560638935306, 396.34495479591396), (2.4641405189050385, 477.99461288868508)]
[(0.80625992583970263, 139.85402370084137), (0.99259053557986821, 183.49760174803947), (1.1911122368442837, 229.99665724556684), (1.3952271930610447, 263.80282743470696), (1.6276222938331724, 318.2359328298877), (1.8850750288861737, 378.53820174543966), (2.1779514369993769, 447.13763580244188), (2.5598155538391185, 536.58035490243037)]
[(0.80625992583970263, 139.85402370084137), (0.86837012908642441, 154.40188304990744), (0.93089523476359148, 164.75749051147733)]
[(1.3752158992137282, 260.19459386889855), (1.8021529609245206, 360.19459386889662)]
[(1.3752158992137282, 260.19459386889855), (1.6522492467501955, 325.08316232120228), (1.9749833298254504, 400.6760569230463), (2.4313982471505216, 507.58055368801388)]
[(1.4394260633998663, 287.18317056942772), (1.9794634764182535, 413.67427697616006)]
[(1.4394260633998663, 287.18317056942772), (1.5461603288275645, 312.18317056942732)]
[(0.93089523476359148, 164.75749051147733), (0.99736924511664649, 180.32746939470769)]
[(0.93089523476359148, 164.75749051147733), (1.1218272931834623, 196.38026711316087), (1.317719451841308, 228.82455133931302), (1.5279287297625752, 278.06114773104514), (1.7603238305347029, 332.49425312622589), (2.0177765655877042, 392.79652204177785), (2.3106529737009076, 441.30364704904366)]
[(1.5461603288275645, 312.18317056942732), (1.8036130638805656, 354.82331384054874), (2.1055031553561263, 404.82331384054783), (2.428237238431382, 458.2755622230319), (2.8307573603987963, 524.94222888969648)]
[(1.5461603288275645, 312.18317056942732), (1.66400615374494, 331.70117202839765), (1.7841629010945714, 351.60191583259711)]
[(0.99736924511664649, 180.32746939470769), (1.3322862310765384, 258.77392344997997), (1.7141503479162801, 348.21664254996961), (2.2071348029277877, 463.68669638789243)]
[(0.99736924511664649, 180.32746939470769), (1.065515819005552, 196.28920708406002), (1.1341006390437414, 212.35359366210992), (1.2033589759278582, 223.82438035563791)]
[(2.3106529737009076, 441.30364704904366), (2.850690386719295, 530.74636614903216)]
[(2.3106529737009076, 441.30364704904366), (2.7375900354117002, 541.30364704904036), (3.2776274484300871, 630.74636614902874)]
[(1.7841629010945714, 351.60191583259711), (1.9316898800235451, 386.15665285585101)]
[(1.7841629010945714, 351.60191583259711), (2.0046322517458552, 403.24169378202851), (2.2414543236526545, 458.71171340455066), (2.4879465511584082, 499.53654245093639), (2.7579652576676019, 544.25790200093093), (3.0806993407428571, 619.85079660277393), (3.4832194627102715, 686.51746326943862)]
[(1.2033589759278582, 223.82438035563791), (1.2997327849508085, 246.39768627496176), (1.3973582543218763, 262.5667279440504), (1.4966191049540842, 285.81625569281391), (1.5972491354459377, 302.48292235948031), (1.7000435002219083, 326.56009297663383), (1.8047522634295112, 343.90229236711599)]
[(1.2033589759278582, 223.82438035563791), (1.3043402466865572, 247.47687619520104), (1.4071346114625281, 271.55404681235456)]
[(1.9316898800235451, 386.15665285585101), (2.4246743350350526, 467.80631094862213)]
[(1.9316898800235451, 386.15665285585101), (2.0889008490039633, 412.19443505201536), (2.2532290006744655, 450.68445299798975)]
[(1.8047522634295112, 343.90229236711599), (2.3447896764478982, 470.39339877384828)]
[(1.8047522634295112, 343.90229236711599), (1.9131943855462288, 369.3023177671538)]
[(1.4071346114625281, 271.55404681235456), (1.5438638984279633, 294.19958749524619), (1.6851981489617411, 327.3038230393405)]
[(1.4071346114625281, 271.55404681235456), (1.564345580442946, 297.59182900851897)]
[(2.2532290006744655, 450.68445299798975), (2.5881459866343577, 529.1309070532609)]
[(2.2532290006744655, 450.68445299798975), (2.4603238949008706, 499.19157800525556), (2.6737924257562669, 534.54691706458198), (2.8980307562716883, 571.6859846999912), (3.144522983777442, 612.51081374637647), (3.4464130752530031, 662.51081374637488), (3.810506224835005, 722.81308266192605), (4.3034906798465125, 804.46274075469614)]
[(1.9131943855462288, 369.3023177671538), (2.1374327160616504, 406.44138540256347), (2.3698278168337783, 444.93140334853786), (2.6216215589684309, 486.63428615995224), (2.8851328343482212, 530.27786420714938), (3.1697575421554163, 577.41831628625118), (3.504674528115308, 655.86477034152244), (3.9976589831268154, 771.33482417944356)]
[(1.9131943855462288, 369.3023177671538), (2.0404824244928097, 399.11655746715053), (2.1730293944489492, 430.1625784954033)]
[(1.6851981489617411, 327.3038230393405), (1.8424091179421591, 364.12680775527281), (2.0023543957168419, 390.61745489657329)]
[(1.6851981489617411, 327.3038230393405), (2.0492912985437428, 412.58410958158277), (2.4518114205111572, 479.25077624824826), (2.9447958755226646, 594.72083008616937)]
[(1.564345580442946, 297.59182900851897), (2.104382993461333, 424.08293541525131)]
[(1.564345580442946, 297.59182900851897), (1.7334378535063948, 337.19773072758528)]
[(2.5881459866343577, 529.1309070532609), (3.0811304416458651, 610.78056514603099)]
[(2.5881459866343577, 529.1309070532609), (3.1281833996527446, 655.62201345999142)]
[(2.1730293944489492, 430.1625784954033), (2.3143636449827265, 453.57080793462904), (2.4608018490393286, 487.87052496313026), (2.6141621688693104, 523.79158536848422)]
[(2.1730293944489492, 430.1625784954033), (2.5755495164163635, 496.82924516206879), (3.068533971427871, 578.47890325483877)]
[(2.0023543957168419, 390.61745489657329), (2.1982465543746872, 436.500601670685), (2.4053414486010922, 485.00772667795081), (2.6335489072636276, 538.45997506043409), (2.8970601826434179, 600.18131504526923), (3.208850928422053, 673.21098937928923), (3.6357879901328451, 773.21098937928582)]
[(2.0023543957168419, 390.61745489657329), (2.3042444871924026, 440.61745489657244), (2.6391614731522943, 519.06390895184359), (3.0955763904773659, 594.65680355368659)]
[(1.7334378535063948, 337.19773072758528), (1.9503220977398301, 373.11879113293969), (2.1745604282552518, 410.25785876834937), (2.4210526557610055, 467.99288568731106)]
[(1.7334378535063948, 337.19773072758528), (2.0180625613135899, 403.86439739425077), (2.3529795472734816, 482.31085144952306), (2.8930169602918689, 571.75357054951155)]
[(2.6141621688693104, 523.79158536848422), (2.8100543275271557, 556.23586959463569), (3.0113143885108626, 589.56920292796804), (3.2437094892829901, 644.0023083231481)]
[(2.6141621688693104, 523.79158536848422), (2.9627548200275022, 605.44124346125432), (3.3652749419949166, 699.72214761945725), (3.8216898593199877, 775.31504222130025)]
[(2.6141621688693104, 523.79158536848422), (2.9782553184513123, 584.09385428403539), (3.4712397734628198, 699.5639081219565)]
[(2.4210526557610055, 467.99288568731106), (2.8235727777284203, 562.2737898455141), (3.3165572327399278, 677.74384368343522)]
[(2.4210526557610055, 467.99288568731106), (2.8235727777284203, 534.65955235397564), (3.2505098394392125, 605.37023047262846)]
[(3.2437094892829901, 644.0023083231481), (3.607802638864992, 704.30457723869927), (4.0347397005757841, 804.30457723869586)]
[(3.2437094892829901, 644.0023083231481), (3.5664435723582457, 719.5952029249911), (3.9483076891979874, 782.84075612835659), (4.404722606523058, 858.43365073019959)]
