[(0.041640012617318728, 0.0), (0.083280025234637456, 6.8965517241379262), (0.12494481620143692, 13.797207317561467), (0.16668420846515772, 20.710218615764298), (0.20859924066668861, 30.527832489240598), (0.25069214891769803, 40.38710965818386)]
[(0.25069214891769803, 40.38710965818386), (0.32285768375893154, 57.290194752754147), (0.39541295429570311, 74.284566299237582), (0.46876702252523439, 91.466037482739836)]
[(0.25069214891769803, 40.38710965818386), (0.30265727321413716, 52.558722047187587)]
[(0.46876702252523439, 91.466037482739836), (1.0088044355436214, 180.90875658273012)]
[(0.46876702252523439, 91.466037482739836), (0.54308722546846222, 103.77518658067308)]
[(0.30265727321413716, 52.558722047187587), (0.79564172822564494, 134.20838013996104)]
[(0.30265727321413716, 52.558722047187587), (0.35501165481793856, 61.229821742428797), (0.40771390989389672, 73.574089739396186), (0.46066893502949136, 82.344669932466502), (0.51388040246460331, 91.157722917251164)]
[(0.54308722546846222, 103.77518658067308), (0.62023542732823189, 121.84534463877804)]
[(0.54308722546846222, 103.77518658067308), (0.85487797124709708, 176.80486091469453), (1.2189711208290988, 262.08514745693685), (1.7119555758406064, 377.55520129485967)]
[(0.51388040246460331, 91.157722917251164), (0.86247305362279492, 148.89274983621425), (1.2443371704625366, 238.33546893620638), (1.7007520877876074, 345.23996570117765)]
[(0.51388040246460331, 91.157722917251164), (0.56815620463842698, 103.87055744052577), (0.62265264106404627, 116.63507036597787), (0.67759854024729571, 129.5048594077337)]
[(0.51388040246460331, 91.157722917251164), (1.0539178154829902, 217.648829323987)]
[(0.62023542732823189, 121.84534463877804), (0.70317101375944047, 135.58140103364684), (0.78771715029116485, 155.38435189318022), (0.87353472864216519, 175.48510819836434)]
[(0.62023542732823189, 121.84534463877804), (0.83370395818362808, 157.20068369810514), (1.0541733088349117, 193.71552086511593), (1.2956853820153602, 250.28406336003945), (1.5727187295518275, 315.17263181234318), (1.9076357155117194, 393.61908586761547), (2.4006201705232271, 509.08913970553829)]
[(0.67759854024729571, 129.5048594077337), (0.7334777698640792, 142.59325922780758), (0.78953735249293466, 151.87802613666025), (0.84608654775955672, 165.12334970731078)]
[(0.67759854024729571, 129.5048594077337), (1.0003326233225509, 182.95710779021908), (1.4272696850333433, 282.95710779022068)]
[(0.87353472864216519, 175.48510819836434), (1.1962688117174205, 228.93735658084881), (1.560361961299422, 314.21764312309108), (2.1003993743178091, 403.66036222308071)]
[(0.87353472864216519, 175.48510819836434), (0.96280015948582764, 190.26953361745569), (1.0535659547462339, 211.52929375556488)]
[(0.84608654775955672, 165.12334970731078), (0.90579656496574024, 179.10902173281221), (0.9658007219677831, 193.16358911133844)]
[(0.84608654775955672, 165.12334970731078), (1.0629707919929918, 215.92340050738733), (1.2953658927651197, 270.35650590256978), (1.5528186278181211, 330.65877481812356), (1.8755527108933761, 406.2516694199702)]
[(0.84608654775955672, 165.12334970731078), (1.1810035337194484, 243.5698037625852), (1.52959618487764, 301.30483068154865)]
[(1.0535659547462339, 211.52929375556488), (1.3170772301260245, 255.17287180276256), (1.6288679759046591, 306.81264975219392), (2.08528289322973, 382.40554435403794), (2.625320306248117, 471.84826345402757)]
[(1.0535659547462339, 211.52929375556488), (1.150873942075326, 234.3214090474923), (1.2491438109793984, 250.59717822291537)]
[(0.9658007219677831, 193.16358911133844), (1.300717707927675, 248.63360873386199), (1.7571326252527459, 324.22650333570868)]
[(0.9658007219677831, 193.16358911133844), (1.0268696745966486, 203.27802385982199)]
[(1.8755527108933761, 406.2516694199702), (2.3685371659048839, 521.7217232578987)]
[(1.8755527108933761, 406.2516694199702), (2.415590123911763, 495.69438851996301)]
[(1.52959618487764, 301.30483068154865), (2.069633597896027, 427.79593708828543)]
[(1.52959618487764, 301.30483068154865), (2.069633597896027, 390.74754978154147)]
[(1.2491438109793984, 250.59717822291537), (1.418236084042847, 290.20307994198174), (1.5943768665483722, 331.4599297923329), (1.7807074762885378, 375.10350783953072)]
[(1.2491438109793984, 250.59717822291537), (1.3723899247322753, 279.46469168239628), (1.501116292258776, 309.6158261401722), (1.6344690262928605, 340.85057851789293), (1.7758032768266383, 373.95481406198724)]
[(1.0268696745966486, 203.27802385982199), (1.2683817477770973, 259.84656635474687), (1.5258344828300985, 320.14883527030065)]
[(1.0268696745966486, 203.27802385982199), (1.090337638353768, 218.14390678476542), (1.1542485102321267, 233.11353055606793), (1.218887734649132, 248.25375383815734), (1.2839950261820308, 263.50361087141806)]
[(1.7807074762885378, 375.10350783953072), (2.0089149349510733, 428.55575622201479), (2.2607086770857263, 470.25863903342918), (2.53072738359492, 514.97999858342359), (2.8425181293735546, 588.00967291744359), (3.2243822462132963, 677.45239201743198)]
[(1.7807074762885378, 375.10350783953072), (2.2371223936136087, 482.0080046044983)]
[(1.7758032768266383, 373.95481406198724), (2.0126253487334376, 413.17804108962332), (2.2644190908680906, 472.15482355158099), (2.5663091823436517, 522.15482355157951), (2.8890432654189069, 575.60707193406279), (3.315980327129699, 646.31775005271561)]
[(1.7758032768266383, 373.95481406198724), (1.9599545062170474, 417.08792334336192), (2.1612145672007546, 464.22837542246441), (2.3854528977161764, 516.75094856635178)]
[(1.5258344828300985, 320.14883527030065), (1.9822494001551694, 427.05333203527198)]
[(1.5258344828300985, 320.14883527030065), (1.9283546047975129, 386.81550193696853), (2.4213390598090205, 468.46516002974249)]
[(1.2839950261820308, 263.50361087141806), (1.3549054124962678, 280.11270684216629), (1.4263099538225787, 291.93895476194814)]
[(1.2839950261820308, 263.50361087141806), (1.4565036498823511, 303.90971265350709), (1.6326444323878764, 333.08271095308635), (1.8189750421280417, 376.72628900028553), (2.0291843200493092, 425.96288539201919), (2.2706963932297577, 482.53142788694402), (2.5635728013429615, 551.13086194394964), (2.9905098630537541, 651.1308619439526)]
[(2.3854528977161764, 516.75094856635178), (2.8418678150412475, 592.34384316819478), (3.3819052280596344, 718.8349495749253)]
[(2.3854528977161764, 516.75094856635178), (2.6783293058293798, 585.35038262335297), (3.0424224554113812, 645.65265153890414), (3.5354069104228887, 761.12270537682525)]
[(1.4263099538225787, 291.93895476194814), (1.4988652243593503, 308.9333263084319)]
[(1.4263099538225787, 291.93895476194814), (1.9663473668409657, 418.43006116868492)]
[(1.4988652243593503, 308.9333263084319), (1.8474578755175417, 366.66835322739541), (2.2293219923572836, 429.91390643076375), (2.7693594053756705, 519.35662553075781)]
[(1.4988652243593503, 308.9333263084319), (1.573185427302578, 321.24247540636537), (1.6479315374743853, 333.62216461816899)]
[(1.6479315374743853, 333.62216461816899), (1.7244575662588317, 346.29664962865871), (1.801922599849541, 359.12665561065057)]
[(1.6479315374743853, 333.62216461816899), (2.1043464547994564, 409.21505922001563)]
[(1.801922599849541, 359.12665561065057), (2.0343177006216684, 413.55976100583302), (2.3043364071308621, 476.80531420920136)]
[(1.801922599849541, 359.12665561065057), (1.8848581862807494, 378.55237285779617), (1.9687894336589671, 398.21130034511611)]
[(2.3043364071308621, 476.80531420920136), (2.7312734688416547, 576.8053142092042)]
[(2.3043364071308621, 476.80531420920136), (2.7312734688416547, 547.51599232785861), (3.2713108818600416, 636.95871142785268)]
[(1.9687894336589671, 398.21130034511611), (2.1930277641743889, 450.73387348900587), (2.4254228649465164, 489.22389143498151), (2.6828755999995177, 549.5261603505362), (2.9757520081127211, 618.12559440754171), (3.3398451576947226, 703.4058809497883), (3.83282961270623, 818.87593478771669)]
[(1.9687894336589671, 398.21130034511611), (2.0603343487483587, 419.65355104187233)]
[(2.0603343487483587, 419.65355104187233), (2.1549177763067804, 441.80750206674111)]
[(2.0603343487483587, 419.65355104187233), (2.4872714104591509, 519.65355104187529)]
[(2.1549177763067804, 441.80750206674111), (2.2555478067986336, 458.47416873340796)]
[(2.1549177763067804, 441.80750206674111), (2.439542484113975, 488.94795414584496), (2.7513332298926101, 561.97762847986951), (3.1331973467323517, 651.42034757986357), (3.6261818017438592, 733.07000567263867)]
[(2.2555478067986336, 458.47416873340796), (2.5574378982741943, 529.18484685206522), (2.9060305494323861, 610.83450494484032), (3.3085506713998005, 705.11540910304939), (3.8485880844181879, 831.60651550978787)]
[(2.2555478067986336, 458.47416873340796), (2.3639899289153514, 483.87419413344639), (2.4751548711583133, 509.91197632961155)]
[(2.4751548711583133, 509.91197632961155), (2.6886234020137092, 559.9119763296128), (2.9090927526649928, 596.42681349662485), (3.1665454877179942, 656.72908241217942)]
[(2.4751548711583133, 509.91197632961155), (2.6069105088482085, 531.73376535321142), (2.7419198621028054, 554.09444512820994)]
[(3.1665454877179942, 656.72908241217942), (3.6595299427295016, 772.19913625010781)]
[(3.1665454877179942, 656.72908241217942), (3.5934825494287868, 756.72908241218238), (4.0864670044402942, 872.19913625011077)]
[(2.7419198621028054, 554.09444512820994), (3.2819572751211927, 643.53716422820389)]
[(2.7419198621028054, 554.09444512820994), (2.888358066159407, 588.39416215671258)]
[(2.888358066159407, 588.39416215671258), (3.0469185102688123, 625.53322979212385)]
[(2.888358066159407, 588.39416215671258), (3.3813425211709149, 703.86421599464097)]
[(3.0469185102688123, 625.53322979212385), (3.4110116598508138, 685.83549870767843), (3.8674265771758845, 761.4283933095262)]
[(3.0469185102688123, 625.53322979212385), (3.2310697396592212, 656.03294385864569)]
[(3.2310697396592212, 656.03294385864569), (3.5239461477724245, 724.6323779156512), (3.8725387989306164, 806.2820360084263), (4.3655232539421238, 887.9316941012014)]
[(3.2310697396592212, 656.03294385864569), (3.4885224747122225, 716.33521277420027), (3.7585411812214158, 761.0565723241973), (4.0703319270000504, 812.69635027363097), (4.4728520489674652, 879.36301694029976)]
