[(0.03897384322232935, 0.0), (0.077947686444658701, 6.4549722436790296), (0.11698256939620229, 15.59797866132892), (0.15605830519299427, 22.069826678234662)]
[(0.15605830519299427, 22.069826678234662), (0.40785204732764729, 81.046609140193539), (0.68488539486411448, 145.93517759249903), (1.0076194779393697, 221.52807219434521), (1.4640343952644406, 297.12096679619185)]
[(0.15605830519299427, 22.069826678234662), (0.19569841622034551, 31.354593587087276), (0.23546729892751403, 40.669522243739749)]
[(0.23546729892751403, 40.669522243739749), (0.72845175393902173, 156.13957608166578)]
[(0.23546729892751403, 40.669522243739749), (0.27547555874015722, 50.040519376742211), (0.3155940647243527, 56.68507431859318)]
[(0.3155940647243527, 56.68507431859318), (0.71811418669176708, 150.96597847680016)]
[(0.3155940647243527, 56.68507431859318), (0.35600353160739273, 66.15004480419924), (0.39652660418798036, 72.86160535633951)]
[(0.39652660418798036, 72.86160535633951), (0.93656401720636739, 162.30432445633164)]
[(0.39652660418798036, 72.86160535633951), (0.43721034661885277, 79.599776561631629), (0.47798676284276936, 86.353296696163397)]
[(0.47798676284276936, 86.353296696163397), (0.53048938744721474, 98.650805934190345), (0.58329231549949945, 111.01865421625251), (0.63650378293461141, 123.48219327324767), (0.68997545469617505, 136.00667909495075)]
[(0.47798676284276936, 86.353296696163397), (0.54309405437566816, 101.60315372942395), (0.60867973067760306, 112.46566266129535)]
[(0.68997545469617505, 136.00667909495075), (0.84718642367659314, 172.82966381088397), (1.0130575965390105, 200.30177660062196), (1.1855662202393309, 240.7078783827107), (1.374155465289866, 284.88048881265001), (1.5726771665542816, 331.37954431017852)]
[(0.68997545469617505, 136.00667909495075), (0.74696375180483687, 145.445262658611)]
[(0.60867973067760306, 112.46566266129535), (1.14871714369599, 238.95676906803121)]
[(0.60867973067760306, 112.46566266129535), (0.67515374103065806, 128.03564154452596), (0.74224042802522705, 143.7491255708938)]
[(1.5726771665542816, 331.37954431017852), (1.9545412833940232, 420.82226341017133), (2.4475257384055311, 536.29231724809983)]
[(1.5726771665542816, 331.37954431017852), (1.8191693940600353, 389.11457122914203), (2.1037941018672304, 455.78123789580991), (2.4523867530254218, 537.43089598858501), (2.9924241660438087, 663.92200239532349)]
[(0.74696375180483687, 145.445262658611), (0.8854804255730705, 177.88954688476372), (1.0277927794766679, 211.22288021809726), (1.1742309835332696, 235.47644272173073), (1.3301263564225871, 271.99127988874238), (1.4914933979602147, 298.71740407998516), (1.6657897235393107, 339.54223312637214)]
[(0.74696375180483687, 145.445262658611), (0.80982683348834861, 160.16946613525732)]
[(0.74224042802522705, 143.7491255708938), (0.95912467225866227, 179.67018597624906), (1.1959467441654614, 218.89341300388611)]
[(0.74224042802522705, 143.7491255708938), (0.81290755329211584, 155.45324029050693), (0.88394051599224788, 167.21794617285997), (0.95610605083348121, 184.1210312674304), (1.0293251528617822, 201.27088978168138)]
[(1.6657897235393107, 339.54223312637214), (1.8900280540547323, 376.68130076178295), (2.1224231548268602, 415.17131870775859), (2.3742168969615127, 456.87420151917433)]
[(1.6657897235393107, 339.54223312637214), (1.9676798150148715, 410.25291124502837), (2.3162724661730629, 491.90256933780233), (2.8563098791914503, 581.3452884377964)]
[(0.80982683348834861, 160.16946613525732), (1.1739199830703502, 220.47173505081071), (1.5764401050377645, 287.13840171747859)]
[(0.80982683348834861, 160.16946613525732), (0.87373770536670736, 170.75458861575666), (0.9379188146951305, 181.38446868481142), (1.0024656313101816, 192.07491836130848)]
[(1.1959467441654614, 218.89341300388611), (1.7359841571838486, 345.38451941062283)]
[(1.1959467441654614, 218.89341300388611), (1.4805714519726563, 266.03386508299002), (1.7824615434482172, 316.0338650829907), (2.1643256602879588, 379.27941828635903), (2.6573101152994663, 460.92907637913299)]
[(1.0293251528617822, 201.27088978168138), (1.2305852138454894, 234.60422311501492), (1.4376801080718942, 268.90394014351716), (1.6619184385873158, 306.04300777892797), (1.8987405104941151, 345.26623480656531), (2.1622517858739054, 388.90981285376449)]
[(1.0293251528617822, 201.27088978168138), (1.1080977055202541, 214.31745124275034)]
[(2.3742168969615127, 456.87420151917433), (2.8672013519730202, 572.34425535710284)]
[(2.3742168969615127, 456.87420151917433), (2.6969509800367679, 510.32644990166131), (3.07881509687651, 573.57200310503049), (3.5717995518880175, 655.22166119780559)]
[(1.0024656313101816, 192.07491836130848), (1.2159341621655777, 242.07491836130879), (1.4441416208281133, 295.52716674379451)]
[(1.0024656313101816, 192.07491836130848), (1.070612205199087, 208.03665605066104)]
[(2.1622517858739054, 388.90981285376449), (2.7022891988922924, 515.40091926050309)]
[(2.1622517858739054, 388.90981285376449), (2.4971687718337972, 444.37983247628836), (2.8612619214157982, 504.68210139184214)]
[(1.1080977055202541, 214.31745124275034), (1.648135118538641, 340.80855764948706)]
[(1.1080977055202541, 214.31745124275034), (1.1884234262077977, 233.13186861042243), (1.2694695713689732, 252.11502852547255)]
[(1.4441416208281133, 295.52716674379451), (1.7076528962079036, 339.17074479099369), (2.0095429876834645, 409.88142290964993), (2.4364800493942567, 509.88142290965152)]
[(1.4441416208281133, 295.52716674379451), (1.9841790338465004, 384.96988584378732)]
[(1.070612205199087, 208.03665605066104), (1.2910815558503708, 244.55149321767243), (1.5192890145129061, 282.34794051859569), (1.7963223620493731, 347.2365089709017), (2.0982124535249338, 397.23650897090238), (2.4623056031069357, 482.51679551314771), (2.9552900581184431, 597.98684935107622)]
[(1.070612205199087, 208.03665605066104), (1.1423942180965474, 219.9254220162164), (1.2145597529377807, 231.87770810956042), (1.2873783828541812, 243.93816189267105), (1.3607324510837124, 256.08729667728699)]
[(1.2694695713689732, 252.11502852547255), (1.6964066330797656, 352.11502852547414)]
[(1.2694695713689732, 252.11502852547255), (1.3527991533025721, 271.63302998444351), (1.4377628041588153, 291.53377378864354)]
[(1.3607324510837124, 256.08729667728699), (1.5776166953171475, 306.88734747736385), (1.8100117960892752, 361.3204528725463)]
[(1.3607324510837124, 256.08729667728699), (1.4393379355739215, 274.49878903525371), (1.5189621081461826, 293.14888520006025)]
[(1.4377628041588153, 291.53377378864354), (1.6479720820800827, 326.34930497978371)]
[(1.4377628041588153, 291.53377378864354), (1.5309281090288982, 306.96410878485295)]
[(1.8100117960892752, 361.3204528725463), (2.3500492091076621, 450.76317197253911)]
[(1.8100117960892752, 361.3204528725463), (2.1741049456712767, 446.60073941479163), (2.6670894006827846, 528.25039750756673)]
[(1.8100117960892752, 361.3204528725463), (2.2369488578000678, 432.03113099120253), (2.6933637751251385, 507.62402559304917), (3.2334011881435254, 634.11513199978776)]
[(1.5189621081461826, 293.14888520006025), (1.945899169856975, 363.85956331871648), (2.4388836248684829, 445.50922141149044)]
[(1.5189621081461826, 293.14888520006025), (1.6007484161145187, 312.30541090448355)]
[(1.6479720820800827, 326.34930497978371), (2.1880094950984694, 452.84041138652049)]
[(1.6479720820800827, 326.34930497978371), (1.8847941539868818, 365.57253200742105), (2.1312863814926355, 406.39736105380803)]
[(1.5309281090288982, 306.96410878485295), (1.8536621921041532, 382.55700338669965)]
[(1.5309281090288982, 306.96410878485295), (1.6295250000311996, 330.05811955243837), (1.7294634069975523, 353.46634899166474), (1.8322577717735229, 377.54351960881894)]
[(1.6007484161145187, 312.30541090448355), (2.1407858291329056, 438.79651731122033)]
[(1.6007484161145187, 312.30541090448355), (1.6840779980481178, 331.82341236345451)]
[(2.1312863814926355, 406.39736105380803), (2.6713237945110229, 532.88846746054651)]
[(2.1312863814926355, 406.39736105380803), (2.4331764729681962, 456.39736105380871), (2.7559105560434514, 509.84960943629449), (3.212325473368522, 585.44250403814226)]
[(1.8536621921041532, 382.55700338669965), (2.3936996051225399, 471.99972248669246)]
[(1.8536621921041532, 382.55700338669965), (2.3936996051225399, 471.99972248669246)]
[(1.8322577717735229, 377.54351960881894), (2.3722951847919096, 504.03462601555566)]
[(1.8322577717735229, 377.54351960881894), (1.9377628108087106, 395.01760074203992)]
[(1.6840779980481178, 331.82341236345451), (1.7703323098982779, 346.10912664916896), (1.8577083114107269, 366.5749070530353)]
[(1.6840779980481178, 331.82341236345451), (2.0326706492063091, 413.47307045622847), (2.4145347660460512, 476.7186236595968), (2.9075192210575587, 592.1886774975253)]
[(1.9377628108087106, 395.01760074203992), (2.2396529022842713, 465.72827886069615)]
[(1.9377628108087106, 395.01760074203992), (2.0523793684737033, 421.86384295060122)]
[(1.8577083114107269, 366.5749070530353), (2.0486403698305975, 398.19768365471953)]
[(1.8577083114107269, 366.5749070530353), (1.9563052024130283, 382.90483867159003), (2.0559031027439403, 399.40056064843674)]
[(2.2396529022842713, 465.72827886069615), (2.7326373572957792, 547.37793695347136)]
[(2.2396529022842713, 465.72827886069615), (2.6421730242516861, 532.39494552736483), (3.1351574792631935, 647.86499936529322)]
[(2.0523793684737033, 421.86384295060122), (2.2564943246904643, 469.67298732397762), (2.4667036026117319, 504.48851851511779)]
[(2.0523793684737033, 421.86384295060122), (2.1927554096504616, 445.11337069936542), (2.3381285944521664, 479.16363192971585)]
[(2.0486403698305975, 398.19768365471953), (2.3604311156092326, 471.22735798874305), (2.7422952324489738, 534.47291119211218), (3.1448153544163886, 601.13957785878097)]
[(2.0486403698305975, 398.19768365471953), (2.3060931048835989, 458.49995257027331), (2.5907178126907939, 525.1666192369421), (2.9256347986506857, 603.61307329221813), (3.2742274498088775, 661.34810021118233), (3.6767475717762919, 728.01476687785112)]
[(2.0559031027439403, 399.40056064843674), (2.1909124559985371, 431.02333725012102), (2.331288497175295, 463.90313471119293)]
[(2.0559031027439403, 399.40056064843674), (2.2080414085189637, 435.03539290342712), (2.363936781408281, 471.55023007043883)]
[(2.4667036026117319, 504.48851851511779), (2.743736950148199, 569.3770869674247), (3.1078300997302004, 629.67935588297928), (3.5642450170552711, 705.27225048482705)]
[(2.4667036026117319, 504.48851851511779), (2.8485677194514731, 593.93123761511174), (3.2755047811622657, 664.64191573376911), (3.8155421941806527, 754.08463483376318)]
[(2.3381285944521664, 479.16363192971585), (2.5705236952242947, 533.5967373248991), (2.8170159227300484, 591.33176424386329), (3.0805271981098388, 634.97534229106304), (3.403261281185094, 688.4275906735495), (3.7518539323432858, 746.1626175925137), (4.1543740543107006, 812.82928425918249)]
[(2.3381285944521664, 479.16363192971585), (2.5340207531100121, 525.04677870382966)]
[(2.331288497175295, 463.90313471119293), (2.8242729521868029, 545.55279280396803), (3.3643103652051898, 634.9955119039621)]
[(2.331288497175295, 463.90313471119293), (2.4799289030617508, 488.52143290705988), (2.6345411646425001, 514.12880889363987)]
[(2.363936781408281, 471.55023007043883), (2.8569212364197885, 553.19988816321393)]
[(2.363936781408281, 471.55023007043883), (2.5330290544717298, 511.15613178950724), (2.7091698369772548, 552.41298163986016)]
[(2.5340207531100121, 525.04677870382966), (2.9158848699497542, 588.29233190719879), (3.4088693249612616, 669.94198999997388)]
[(2.5340207531100121, 525.04677870382966), (2.76641585388214, 563.53679664980586), (3.0129080813878937, 604.36162569619341), (3.2829267878970869, 649.08298524619045), (3.6178437738569786, 704.55300486871511), (3.9819369234389805, 764.85527378426968)]
[(2.6345411646425001, 514.12880889363987), (3.0370612866099145, 608.40971305184894), (3.4934762039349851, 684.00260765369671)]
[(2.6345411646425001, 514.12880889363987), (2.8070497883428205, 542.70023746506922), (2.9850948508665711, 572.18862869604959)]
[(2.7091698369772548, 552.41298163986016), (3.2021542919887622, 667.88303547778855)]
[(2.7091698369772548, 552.41298163986016), (2.9104298979609617, 599.5534337189647)]
[(2.9850948508665711, 572.18862869604959), (3.242547585919572, 632.49089761160417), (3.5354239940327754, 680.99802261887226), (3.8840166451909672, 738.73304953783645), (4.3404315625160379, 814.32594413968422)]
[(2.9850948508665711, 572.18862869604959), (3.2621281984030381, 618.0717754701634), (3.5640182898785993, 688.78245358882077)]
[(2.9104298979609617, 599.5534337189647), (3.2453468839208535, 655.02345334148936), (3.6722839456316461, 725.73413146014673)]
[(2.9104298979609617, 599.5534337189647), (3.1678826330139631, 642.1935769900881), (3.4449159805504301, 688.07672376420192), (3.8718530422612227, 788.07672376420487)]
[(3.5640182898785993, 688.78245358882077), (4.0570027448901067, 770.43211168159587)]
[(3.5640182898785993, 688.78245358882077), (4.0204332072036699, 764.37534819066855), (4.5604706202220573, 853.81806729066261)]
