80113728
70
16
907875
88088935
59970833
60521878
56500926
53539185
52573849
21028500
88738341
81707999
67053205
37294663
66869994
81191020
66806452
85880137
83747903
18485481
66
85138512
25019455
22303166
32253178
60091221
14668470
73114218
7
3090555
44721952
88928416
80399981
28091617
84658498
65610961
44859624
16466531
32667160
12140033
25901282
66742699
88146656
5445719
26729747
24
87
70529946
38586987
23231086
89084469
17811500
58223733
88979312
62104101
50511175
90247665
72915012
77
42277260
20807690
68857389
68144751
54307562
5047989
11774115
78458062
14875651
29
19535608
75661924
85585238
92061389
28
45234608
81385796
9288178
33291371
86272472
54528773
40863098
13173499
7955152
9378558
49953935
83373710
19374575
4725622
63569373
58431048
81167540
23964336
26807635
28382780
19000162
91086612
15248361
26554149
1178582
