10094792
100
10498774
10500890
10751982
10847660
10942670
10
11014479
11294189
11534644
1162444
11666495
11733814
11760248
11774115
1178582
1181806
11993940
11
12005919
12084974
12116942
12136542
12140033
12149221
1223534
1226048
12309091
12318921
12449723
12532302
12581480
12742423
12861580
12871926
12927864
12
13021602
13030335
13031994
13091895
1313511
13173499
13204593
13
14009189
14202782
14293925
14388509
14477351
14535036
14551779
14638049
14668470
14778324
14875651
14897973
14924045
14
15174470
15201893
15248361
15480619
15545148
15652606
15791190
15795960
15
16017943
16051299
16106757
16144432
1617156
16201303
16299857
16466531
16579533
16615504
16732599
16933295
16
17099483
17249792
1732018
1743419
17665077
17722023
17811500
17
18031694
18076863
18093090
18117480
18200286
18287944
18299610
18369897
18423322
18485481
18582500
186217
18849834
18
19000162
19017380
19133889
19135831
19156646
19209902
19319139
19374575
19404511
19447869
19535608
1962246
19675124
19732668
19735842
19891615
19956695
19990948
19
1
20040134
20136074
20303902
20409405
20537785
20599344
20753256
20777811
20807690
20861224
20
21028500
21135708
21168693
21200648
21357849
21545197
21608755
21620540
21716127
2172163
2174996
21840768
21
22160
22186603
22223141
22273393
22303166
22327371
22336305
22488428
22619239
2264681
22649980
2268226
22708781
22843479
22907709
22997078
22
23043201
23086164
23168713
23231086
2334154
23488780
2351528
23528779
2357595
23883266
23964336
23
2410690
24166750
24214898
24404220
2442493
24435122
24571890
24588009
2462425
2468536
2477314
24838741
24980194
24
25002781
25019455
25020441
25223268
2522556
25235337
25401628
25406672
25460652
25551926
25559976
25623747
25899994
25901282
25
26039745
26276209
26337948
26402538
26498546
26532427
26554149
26729747
26807635
26822581
26
27107714
2725643
2730001
27438914
2744223
27445816
27585749
27587030
27650830
27807643
27808406
27938471
27981626
27
28071116
28091617
28382780
28430053
28559575
28
29117972
29179854
29197580
29386989
2945274
2947572
29505017
29663164
29775506
2994399
29959328
29
2
30015261
30376854
30441590
3047706
30533103
30671050
30763814
30787935
3083433
3090555
30
31011869
31358771
31391248
31543440
31632655
31864592
31
32016573
32240146
32253178
32275217
32283649
32323111
32568178
32606395
32667160
32846772
32
33157790
33291371
33354032
33433192
33452974
33469388
33609665
33625636
33657800
33680381
3372587
33
3400582
34116628
34173913
34219399
3434834
34504606
34630082
34693996
34873850
34920449
34953613
349551
34
35142568
35344296
35479291
35495248
35752975
35764166
35833204
35957244
35
36190262
36207593
36316790
3634279
36410672
36573678
3657656
36
37046342
37163823
37174005
37272180
37294663
37668715
3773679
37948662
37991257
37
38030681
38079143
38146236
3828984
38373796
38377850
38431162
38586987
38775839
38787422
38
39061201
39127101
39314394
3937865
39507997
39563407
39632256
39703182
39758874
39766249
39879462
3995763
39996721
39
3
40010427
40093129
40156792
40343473
40377521
40592094
40720339
40856261
40863098
40929502
40
41082949
41324203
41374602
41524716
41900460
41
42126723
42155495
42277260
42396404
42414047
42452852
4246161
42464788
42561265
42571872
4264859
42758960
42998372
42
43022718
43058934
4324961
43307247
43327624
43402630
43435057
43508493
43550698
43641212
43713701
43839206
43933370
43
44115445
44161068
44184265
44262275
44539402
44721952
44729839
44750616
44849350
44859624
44
45234608
45241161
4528379
45325888
45338229
45366962
45392519
45428410
45488130
45672951
45752619
45
46150302
4618121
46316419
46466400
46675221
4678106
46909759
4692372
46
47182569
4724114
4725622
47342527
47367498
47371512
47418181
47530149
47531151
47698782
47777687
47844359
47
48027343
48157797
48444650
48535799
48561663
48661243
4893266
48
49193868
49242073
49301838
49387641
49568933
4968389
49695776
49759215
49853011
49953935
49995860
49
4
50003982
50068419
50116583
50228915
50242958
50291848
50364900
504766
5047989
50511175
50523124
50534036
50563252
5084514
50949893
50
51112686
5124906
51394869
51454780
51
52240732
52263991
52407411
52520706
52537765
52573849
52681373
52907452
52
53033073
53090768
53404545
53428876
53539185
53640687
53739123
5377366
53798663
53
5413365
54228999
54283820
54307562
5445719
54528773
54671150
54681727
54827442
54856348
5488518
54909726
54993961
54
55101222
55112800
55115356
55124343
55269040
55325563
55341983
55460787
5554037
55558875
55612179
55636295
55733440
5578806
55797007
55836285
55847668
55952443
55994896
55
56002
56102169
56165479
56241228
56500926
56736368
56838557
56986395
56
5700236
57072950
57132020
57381456
57469597
57532476
57708912
57722985
57
58067437
58074510
58109827
5812
58197675
58223733
58431048
58478235
58566240
58714323
58
59021098
59132480
59146318
59255522
59529414
59551883
59678486
59722058
59833024
59958289
59970833
59
5
60091221
60340179
60415014
60521878
60549110
60550378
60643598
60824612
60834999
60912861
60986240
60987788
60989022
60
61045910
61256293
61304897
61342052
61694383
61828185
61876645
61939897
61
62027571
62060242
62104101
62117486
62125914
62275094
62292208
62527737
6263183
62827731
62984
62
63115643
63150431
63158274
63203986
63354977
63505798
63513972
63569373
63866441
63899238
63951257
63
64196521
64409115
64418790
6445868
64544629
64804221
64966929
64
65072784
65083934
65097179
6524497
65293526
65382108
65608363
65610961
65623173
65660598
65772272
65
66051512
66322498
66360773
66481745
66565494
66621
66742699
66806452
66869994
66952101
66
67053205
67111973
67186366
67231220
67937652
67
68021119
68144751
68149825
68157311
68213675
68254794
68584030
68751351
68757808
68857389
68
69060576
69133606
69175988
69236601
69238355
69553295
69756720
6982849
69957371
69
6
70126780
70529946
70844231
70854251
70930953
70
71045618
71187352
71313806
71335336
71343526
7136897
71863064
71
7200170
72009292
72094255
7228478
72515755
72535322
72548974
72681465
72910560
72915012
72951594
72964300
72998502
72
73114218
7317879
73325956
73458428
73562280
73605511
73774976
73834782
73857880
73970233
73
74055093
74057653
74112870
74175071
74646182
74670490
74854402
74994955
74
75546106
75661924
75
76112906
76233866
76328748
76335562
76465279
76482279
76659720
76699736
76837313
76839811
76844442
76867764
76
77162957
77349331
77403820
77422259
77460056
77592500
77750661
77819633
77
78102761
78314258
78330622
78458062
78467361
7850787
78588656
78609327
78630482
78631729
78660813
78664753
78677735
78826204
78890980
78932006
78
79072124
79208047
79227156
79245670
79288720
79320614
7938635
79393996
79421493
79436823
7951974
7955152
79564889
79567127
79616901
79686809
79961393
79
7
80105080
80113728
80395735
80399981
80721939
80773160
80904827
80
81055428
81103129
81119587
81121740
81138931
81167540
81191020
81385796
81413333
81422891
81707999
81770478
81869131
81897423
81966430
81
82032078
82049628
82065658
82127066
82166923
82844770
82852285
82898694
82910741
82
83070162
83291977
83373710
83408516
83426580
83747903
83802692
83820254
83902945
83913874
83
84094033
84104578
84114044
84285296
843280
84344518
8442607
84480281
84599607
84658498
84851291
84901365
84
85138512
85185738
85253389
8553990
85541080
85585238
85766564
85801939
85880137
85901989
85
8600208
86261921
86272472
86348068
86504554
86626834
86710227
86859471
86957712
86
87050053
87070082
87393745
87394037
87451321
87563107
87563929
87579406
87657453
87726751
87816634
8789901
87981496
87
88008410
88088935
88146656
88407523
88465472
88517137
88641438
88738341
88863618
88928416
8894607
88963638
88979312
88
89084469
89498519
89505715
89515657
89813016
89865778
89899545
89981641
89
8
90247665
907875
90793243
90824600
90850066
90940553
90
91086612
91120161
91186027
91308148
91403884
91640671
91719552
9175223
91803145
91820788
9183033
91
92054764
92061389
92258759
9226434
92362906
92394056
92688514
9288178
92931920
92937811
92
93162445
93232127
93570439
9378558
93
94209564
94325346
94360333
94598258
94
95039824
95104509
95154820
95432494
95628939
95657662
95709654
95961368
95
96428033
96454430
96509744
96685810
96885400
96956362
96956363
96
97054674
97121756
97153441
97187230
9744772
97637967
97757398
97787080
979172
97931107
97
98082300
98304385
98577973
98590176
98620371
98667529
98
99382501
99580702
99645203
99865600
99981974
99991821
9999975
99
9
