[(0.054093529209839314, 0.0), (0.10818705841967863, 9.1573709299126005), (0.16233737875194088, 18.324355900194703), (0.21665915171480754, 27.520365697628748)]
[(0.21665915171480754, 27.520365697628748), (0.4744662430718205, 89.24170568246538), (0.76100280509912122, 157.84113973946802), (1.1786980324230079, 257.8411397393329)]
[(0.21665915171480754, 27.520365697628748), (0.27247602431254475, 40.88342779324995), (0.32860700672047627, 50.385714556161531), (0.3850574622968404, 63.900462124151183), (0.44189858312680419, 77.508738472946561), (0.499071528847014, 91.196456689529612)]
[(0.499071528847014, 91.196456689529612), (0.61171555477234074, 118.16445118805916)]
[(0.499071528847014, 91.196456689529612), (0.56584936430230093, 107.1836720290782), (0.63360847767831874, 123.40581414215438), (0.70216144875331676, 139.81801293939861)]
[(0.61171555477234074, 118.16445118805916), (0.74218162472051652, 140.25075640302828), (0.87426845333304459, 162.611436178026), (1.0089038157896002, 185.40355146995341), (1.1481355582308959, 218.73688480328639), (1.2914038392445462, 242.99044730691946), (1.4402488328385119, 278.62527956190877), (1.5967318022292889, 316.08871202517594)]
[(0.61171555477234074, 118.16445118805916), (0.84341117933124243, 173.63447081058172), (1.0796952814992238, 213.63447081058132), (1.3662318435265246, 282.23390486758353), (1.7072785685063074, 339.96893178654523), (2.0808765373756826, 403.21448498990515)]
[(0.70216144875331676, 139.81801293939861), (1.1198566760772035, 239.81801293920361), (1.6482039905273154, 329.26073203769477)]
[(0.70216144875331676, 139.81801293939861), (0.77189849651688214, 151.62363966141766)]
[(1.5967318022292889, 316.08871202517594), (1.970329771098664, 379.33426522854234), (2.4168647518805617, 454.92715983035896)]
[(1.5967318022292889, 316.08871202517594), (1.7768967410939902, 346.58842609169653), (1.9636957255286778, 378.21120269337985)]
[(0.77189849651688214, 151.62363966141766), (1.1657053334635179, 218.29030632808366), (1.6122403142454154, 293.88320092992626), (2.1405876286955272, 383.3259200293943)]
[(0.77189849651688214, 151.62363966141766), (0.8430116545421259, 163.6622249699945)]
[(1.9636957255286778, 378.21120269337985), (2.2048521774633456, 435.94622961234154), (2.4758886309674168, 500.83479806464231), (2.8035557255611203, 556.30481768714378), (3.1771536944304959, 619.55037089024461)]
[(1.9636957255286778, 378.21120269337985), (2.3047424505084604, 459.8608607860869), (2.698549287455096, 526.52752745246676), (3.2268966019052083, 615.97024654007771)]
[(0.8430116545421259, 163.6622249699945), (1.0372359901059844, 210.16128046752186), (1.2398479361733685, 258.66840547478773), (1.4555448240687996, 310.30818342421912), (1.6872404486277013, 365.77820304674128), (1.9391201478559807, 426.08047196229325)]
[(0.8430116545421259, 163.6622249699945), (0.92007903107232691, 182.11284913057204)]
[(1.9391201478559807, 426.08047196229325), (2.2801668728357636, 483.81549888124778), (2.8085141872858754, 610.3066047667902)]
[(1.9391201478559807, 426.08047196229325), (2.3568153751798677, 496.79115008087791), (2.8391282790492034, 578.44080816998485)]
[(0.92007903107232691, 182.11284913057204), (1.1911154845763983, 227.99599590468409), (1.4776520466036989, 276.50312091194996), (1.7826935108270869, 328.14289886138135), (2.1237402358068698, 385.87792578034305), (2.5175470727535054, 452.54459244700308)]
[(0.92007903107232691, 182.11284913057204), (1.0040389308150865, 202.21360543575616), (1.0888599802666714, 222.52052873842842), (1.174121661511617, 236.95428546816896)]
[(0.92007903107232691, 182.11284913057204), (1.2154341587823034, 252.82352724922634), (1.5564808837620863, 334.47318534196916), (1.9300788526314616, 397.71873854523608), (2.3477740799553484, 468.42941666317137), (2.8761213944054607, 557.87213574342979)]
[(1.174121661511617, 236.95428546816896), (1.3633003467798743, 268.97991622918596), (1.5602037652531924, 316.12036830828845), (1.7658626784781863, 350.93589949942748), (1.9852469597679085, 388.07496713483715), (2.2215310619358899, 428.07496713483647), (2.5080676239631905, 476.58209214210228), (2.8131090881865788, 528.22187009153299), (3.2069159251332144, 594.88853675813527), (3.7352632395833267, 684.33125583250126)]
[(1.174121661511617, 236.95428546816896), (1.2705842422854841, 260.0482962357537), (1.3683592994541565, 283.45652567497945), (1.4685660793132829, 307.44693143114182)]
[(1.4685660793132829, 307.44693143114182), (1.6774136929752264, 342.80227049046869), (1.8931105808706574, 379.31710765747926), (2.1248062054295591, 418.54033468511534), (2.3766859046578386, 461.18047795623681), (2.6551493895404299, 508.3209300353393), (3.028747358409805, 571.56648323869854)]
[(1.4685660793132829, 307.44693143114182), (1.5833157832810527, 326.87264867828685), (1.6997246051964903, 346.57923424157241)]
[(1.6997246051964903, 346.57923424157241), (2.0047660694198783, 398.2190121910038), (2.3324331640135814, 476.66546624621583), (2.6886448507486702, 536.9677351615652), (3.1709577546180063, 618.61739324751863)]
[(1.6997246051964903, 346.57923424157241), (1.8286281508749966, 368.40102326517137), (1.9598970965238753, 390.62324548739326), (2.095415323275911, 413.56481887444909)]
[(2.095415323275911, 413.56481887444909), (2.5419503040578086, 489.15771347626855), (3.0242632079271443, 570.8073715675489)]
[(2.095415323275911, 413.56481887444909), (2.2397488106363648, 437.99870774570979)]
[(2.2397488106363648, 437.99870774570979), (2.5959604973714532, 523.27899428748253)]
[(2.2397488106363648, 437.99870774570979), (2.4051807718554965, 477.6046094647761), (2.5832866152230411, 520.24475273589701)]
[(2.5832866152230411, 520.24475273589701), (3.0655995190923768, 601.894410827863)]
[(2.5832866152230411, 520.24475273589701), (2.8149822397819428, 559.46797976353264), (3.0561386917166109, 600.29280880991791), (3.3139457830736236, 643.93638685711517), (3.6004823451009242, 692.44351186437848), (3.9566940318360126, 752.745780779656), (4.3505008687826487, 819.41244743888251)]
[(2.5832866152230411, 520.24475273589701), (2.9568845840924163, 609.68747183157279), (3.4034195648743135, 716.59196808647403)]
