[(0.026906114849668299, 0.0), (0.053812229699336599, 4.5548743731402963), (0.080725324991423458, 9.1109254786194214), (0.10765939425367024, 13.670511246673366), (0.13464963473284741, 20.132092759896839)]
[(0.13464963473284741, 20.132092759896839), (0.16180334623423706, 26.632639045953304), (0.18897141338637916, 31.231539549136759), (0.21618990520607925, 37.747180012653715)]
[(0.13464963473284741, 20.132092759896839), (0.42118619676014812, 88.725323098326299), (0.73693410970803241, 164.31019954776244), (1.1105320785774078, 253.7418532788368), (1.6388793930275198, 343.17252713662816)]
[(0.21618990520607925, 37.747180012653715), (0.24348820618281314, 42.367809452117839)]
[(0.21618990520607925, 37.747180012653715), (0.60999674215271504, 132.01051971595001), (1.1383440566028269, 221.43380809219119)]
[(0.24348820618281314, 42.367809452117839), (0.51452465968688443, 107.2435173194916), (0.83027257263476884, 182.8192282417549), (1.3125854765041045, 264.44728008999721)]
[(0.24348820618281314, 42.367809452117839), (0.27095567513254432, 48.942613774888478), (0.29846033769301644, 55.52611174649693), (0.32600234536581502, 62.118376692294447)]
[(0.32600234536581502, 62.118376692294447), (0.38385675669210728, 75.965607361000536)]
[(0.32600234536581502, 62.118376692294447), (0.35739824121918878, 69.632888032573675), (0.38882744837726774, 74.951991347775504)]
[(0.38385675669210728, 75.965607361000536), (0.44213193291724723, 85.828216097565829), (0.5006209637187663, 95.727028988244996), (0.55932622087988981, 105.66244822518217)]
[(0.38385675669210728, 75.965607361000536), (0.91220407114221924, 165.38000229303512)]
[(0.38882744837726774, 74.951991347775504), (0.4203797103853526, 82.503559416820039), (0.45198838628080007, 87.852734036547361)]
[(0.38882744837726774, 74.951991347775504), (0.83536242915916525, 181.81266385970756)]
[(0.55932622087988981, 105.66244822518217), (0.61930376013446486, 115.81313287481298)]
[(0.55932622087988981, 105.66244822518217), (0.87507413382777421, 159.098089063304), (1.2027412284214778, 214.54866996073878), (1.6204364557453645, 285.23046500139878)]
[(0.45198838628080007, 87.852734036547361), (0.48384892811758079, 95.477540623457827), (0.51579088048782762, 103.12142488275612), (0.54781487066209056, 110.78449849760609)]
[(0.45198838628080007, 87.852734036547361), (0.73045187116339128, 154.48832121933413), (1.0581189657570949, 209.92917591587994), (1.4758141930809816, 309.86654931633666)]
[(0.61930376013446486, 115.81313287481298), (0.93505167308234938, 191.38067562963326), (1.2912633598174381, 276.62727439603435), (1.81961067426755, 403.06388498896212)]
[(0.61930376013446486, 115.81313287481298), (0.68072288787592861, 130.51309605130996), (0.74239253655287463, 140.94976728911521), (0.80448662002991944, 155.81083622476956)]
[(0.54781487066209056, 110.78449849760609), (0.58010086884151102, 118.50980327073664)]
[(0.54781487066209056, 110.78449849760609), (0.82627835554468165, 177.40865289104715), (1.1313198197680696, 250.38439259920466), (1.504917788637445, 339.75079320806361)]
[(0.80448662002991944, 155.81083622476956), (0.86745654483698931, 170.88152669451185), (0.93078733176628603, 186.03870980404889)]
[(0.80448662002991944, 155.81083622476956), (1.2867995238992553, 271.23675867976078)]
[(0.58010086884151102, 118.50980327073664), (0.79948515013123289, 170.99686641046242), (1.0357692522992143, 210.96791919101116), (1.2821124578720073, 252.63769575447756), (1.5605759427545984, 299.73595823945459), (1.8882430373483021, 355.15091849756152), (2.2618410062176775, 418.33127589780094), (2.7441539100870131, 499.90090354147821)]
[(0.58010086884151102, 118.50980327073664), (0.61284240218540131, 126.34362867879193), (0.64564698494902562, 134.19206746412846)]
[(0.58010086884151102, 118.50980327073664), (1.1084481832916229, 244.90296818139103)]
[(0.93078733176628603, 186.03870980404889), (1.0012649707185739, 202.90649033976587), (1.072249649581924, 219.89553834923015), (1.1441486122137345, 237.10305111172252), (1.2171370151259013, 254.5706977954784)]
[(0.93078733176628603, 186.03870980404889), (1.079632325360252, 221.6618834727592), (1.2321530574719459, 247.47246857863215), (1.3929240254283912, 285.94593586693406), (1.5634473879182824, 314.7997023440866), (1.7395631594016532, 344.59887874198466), (1.9287418446699105, 376.60812744303922), (2.1444387325653413, 428.22298100394539), (2.3807228347333229, 468.20493644034593), (2.6385299260903357, 511.83029313201371), (2.9542778390382205, 565.26209346933251), (3.3278758079075961, 628.48577254294719)]
[(0.64564698494902562, 134.19206746412846), (0.67864292408640892, 139.77388972452519), (0.71174229902339492, 147.69206566526145)]
[(0.64564698494902562, 134.19206746412846), (0.97331407954272908, 212.57267651280677), (1.3671209164893647, 306.75922656435625)]
[(1.2171370151259013, 254.5706977954784), (1.2966079587170245, 273.58888009721318)]
[(1.2171370151259013, 254.5706977954784), (1.44040450551685, 307.99802407011515), (1.6721001300757516, 347.20143713879605), (1.9239798293040311, 389.82000596600915), (2.1950162828081026, 435.68121740948106), (2.510764195755987, 511.24230151602751), (2.9572991765378842, 586.80710718962132), (3.4856464909879961, 713.258988656003)]
[(1.2171370151259013, 254.5706977954784), (1.5907349839952767, 343.97093260166446), (2.0372699647771744, 450.82637545276566)]
[(0.71174229902339492, 147.69206566526145), (0.74502505140205766, 155.65365948270556), (0.77838733257362436, 163.63383605007635)]
[(0.71174229902339492, 147.69206566526145), (1.1582772798052925, 254.48932919679584)]
[(1.2966079587170245, 273.58888009721318), (1.3795274229812025, 293.43138474552813), (1.4632761025157781, 313.4715205421009)]
[(1.2966079587170245, 273.58888009721318), (1.6016494229404126, 325.20311633793574), (1.9578611096755012, 410.44163050580914), (2.4401740135448371, 492.05557077034115)]
[(0.77838733257362436, 163.63383605007635), (0.81200526714800214, 169.31969287877988)]
[(0.77838733257362436, 163.63383605007635), (1.0737424602836012, 234.26903864646454), (1.4014095548773047, 312.61626093951668)]
[(1.4632761025157781, 313.4715205421009), (1.5515796174256447, 328.41238607684602)]
[(1.4632761025157781, 313.4715205421009), (1.7343125560198491, 359.33048615676159), (2.02084911804715, 407.81318289622516), (2.4146559549937856, 502.05367895006418), (2.9430032694438975, 591.46330878501954)]
[(0.81200526714800214, 169.31969287877988), (1.0277021550434333, 220.90452119547876), (1.259397779602335, 276.30705626505534), (1.5172048709593478, 337.94180123443249), (1.8329527839072319, 413.41892707557173)]
[(0.81200526714800214, 169.31969287877988), (0.8460957382410349, 177.47328245970641), (0.88022886687454194, 183.24572789942573)]
[(1.5515796174256447, 328.41238607684602), (1.6455683867329747, 350.90199420448585), (1.7404623657198224, 366.95767862924328)]
[(1.5515796174256447, 328.41238607684602), (1.8381161794529453, 396.97678156965048), (2.1657832740466487, 475.38797991371774), (2.5393812429160243, 564.79615968493829), (2.9859162236979215, 671.66552806099003)]
[(1.8329527839072319, 413.41892707557173), (2.3152656877765683, 528.71886059991004)]
[(1.8329527839072319, 413.41892707557173), (2.361300098357344, 502.72651058367569)]
[(0.88022886687454194, 183.24572789942573), (0.91497652895806869, 189.12186118064773), (0.9497995820221391, 195.01049694011019), (0.98468330247203562, 200.90913530473762)]
[(0.88022886687454194, 183.24572789942573), (1.0670278513092295, 214.83292164448221), (1.2639312697825473, 261.91391080842561)]
[(1.7404623657198224, 366.95767862924328), (1.8429045160347783, 391.47033173187629), (1.9473283228657501, 416.45781653932687)]
[(1.7404623657198224, 366.95767862924328), (2.0189258506024133, 433.59205256275186), (2.3142809783123903, 483.57015864113384), (2.6553277032921727, 565.18861881140424), (3.0491345402388088, 659.43829623555428), (3.5774818546889207, 785.89374266639595)]
[(0.98468330247203562, 200.90913530473762), (1.1485168497688873, 240.08116377017754), (1.3208447425379886, 281.27774368208787), (1.5053516280882158, 325.37735844091725), (1.714199241750159, 375.28541396537588)]
[(0.98468330247203562, 200.90913530473762), (1.0204510944582414, 209.46190973414039), (1.0563176472177542, 218.03768459935375), (1.0923171626306851, 226.64458935084915)]
[(1.2639312697825473, 261.91391080842561), (1.657738106729183, 356.04861489321576), (2.1400510105985187, 471.32440687700432)]
[(1.2639312697825473, 261.91391080842561), (1.5050877217172154, 319.56385027356254), (1.791624283744516, 367.9917474196165), (2.0966657479679038, 419.54210399063544), (2.6250130624180161, 545.83287519879366)]
[(1.9473283228657501, 416.45781653932687), (2.0875371421536313, 440.18224402874193), (2.2297634582041188, 464.24870694030955)]
[(1.9473283228657501, 416.45781653932687), (2.1630252107611811, 468.07455964992397), (2.3862927011521298, 521.50515334115209), (2.6225768033201113, 578.05260194004723), (2.8744565025483908, 638.33434244118598), (3.1529199874309817, 704.98073763895172), (3.493966712410765, 762.69986428465324), (3.9116619397346519, 862.67503799423196)]
[(1.9473283228657501, 416.45781653932687), (2.2883750478455327, 474.16735415573345), (2.6445867345806215, 534.44563575436314)]
[(1.9473283228657501, 416.45781653932687), (2.2630762358136343, 492.01827025230006), (2.6192879225487231, 552.29715129691897), (3.0369831498726101, 652.26369634353546)]
[(1.714199241750159, 375.28541396537588), (2.2425465562002711, 464.55571340188061)]
[(1.714199241750159, 375.28541396537588), (1.9504833439181406, 415.20779978025541), (2.2370199059454414, 463.61906749766297)]
[(1.0923171626306851, 226.64458935084915), (1.1284849796409102, 232.75869362592337)]
[(1.0923171626306851, 226.64458935084915), (1.5388521434125826, 333.35275495067066)]
[(2.2297634582041188, 464.24870694030955), (2.3822841903158127, 490.05773175289465), (2.5415868994997162, 528.18109003970562), (2.7070188607188483, 567.7719934985081)]
[(2.2297634582041188, 464.24870694030955), (2.676298438986016, 539.81189145364021), (3.2046457534361283, 666.26131480460663)]
[(2.2370199059454414, 463.61906749766297), (2.7193328098147771, 578.88238792108052)]
[(2.2370199059454414, 463.61906749766297), (2.6835548867273387, 539.06993180454606)]
[(1.1284849796409102, 232.75869362592337), (1.1728854813596048, 240.26399624471216), (1.2173803519450543, 250.89986045275944)]
[(1.1284849796409102, 232.75869362592337), (1.1911001414852269, 247.72465862447407), (1.2540700662922968, 262.7700642080095)]
[(2.7070188607188483, 567.7719934985081), (2.9648259520758611, 629.47191260083787), (3.2698674162992489, 681.09534285523318)]
[(2.7070188607188483, 567.7719934985081), (2.9343833440387033, 622.18597320761569), (3.1755397959733713, 679.90268476919778)]
[(1.2173803519450543, 250.89986045275944), (1.262097777755445, 258.45789459064332), (1.3070086468299871, 269.19247323197567)]
[(1.2173803519450543, 250.89986045275944), (1.7457276663951664, 340.16184910168113)]
[(1.2540700662922968, 262.7700642080095), (1.3395546542738326, 283.1878562061712), (1.4261806090446956, 303.87578211151794), (1.5139949040410594, 318.70467719911437), (1.6033019001974391, 340.03164190072363), (1.6947229640654657, 361.86245354399307)]
[(1.2540700662922968, 262.7700642080095), (1.3483576877665338, 285.27656117213866), (1.4435592655470728, 301.33169012123415), (1.5403450049506693, 324.38649854951956)]
[(3.2698674162992489, 681.09534285523318), (3.7982147307493612, 807.55316359638027)]
[(3.2698674162992489, 681.09534285523318), (3.752180320168585, 762.72269138499689)]
[(3.1755397959733713, 679.90268476919778), (3.4805812601967596, 731.52768015599133), (3.8082483547904626, 786.98335968271886), (4.1818463236598378, 850.21378624689646)]
[(3.1755397959733713, 679.90268476919778), (3.657852699842707, 795.3421153758535)]
[(1.3070086468299871, 269.19247323197567), (1.3526168797951819, 280.0933464599625)]
[(1.3070086468299871, 269.19247323197567), (1.5935452088572877, 337.64861111246853), (1.9092931218051721, 413.05128024887995), (2.3030999587518077, 507.08080245378596)]
[(1.6947229640654657, 361.86245354399307), (2.1412579448473634, 468.48266582698199)]
[(1.6947229640654657, 361.86245354399307), (1.7893123066995942, 384.448993784354), (1.8864244744815237, 407.63733053587862)]
[(1.5403450049506693, 324.38649854951956), (1.7720406295095708, 379.57578421463586), (2.0131970814442388, 420.21311825967354), (2.2842335349483101, 484.82591801335883), (2.5999814478961945, 560.08546498856992), (3.1283287623463067, 685.96873049883493)]
[(1.5403450049506693, 324.38649854951956), (1.6477468695724791, 342.45918156447243), (1.7574390102173401, 360.89851946380031), (1.8685777031056912, 379.56256998006563), (1.984425515385142, 407.03974066417851), (2.1043805938942923, 435.45533378999011)]
[(1.3526168797951819, 280.0933464599625), (1.3985688119167843, 291.07574007159832)]
[(1.3526168797951819, 280.0933464599625), (1.8349297836645178, 395.28634659426302)]
[(1.8864244744815237, 407.63733053587862), (2.4147717889316356, 533.79130129151019)]
[(1.8864244744815237, 407.63733053587862), (1.9866312543406501, 431.56392518177108)]
[(2.1043805938942923, 435.45533378999011), (2.239015956350848, 467.2945467332932)]
[(2.1043805938942923, 435.45533378999011), (2.3828440787768832, 482.14122125402326)]
[(1.3985688119167843, 291.07574007159832), (1.4505276265738487, 303.49258888149558)]
[(1.3985688119167843, 291.07574007159832), (1.4987755917759109, 315.01988771790582), (1.5997111578178831, 332.07113756989634), (1.7021533081328393, 349.3736866029866), (1.8065771149638108, 374.31006084023886)]
[(1.9866312543406501, 431.56392518177108), (2.0987667267616201, 458.33772356787887)]
[(1.9866312543406501, 431.56392518177108), (2.2385109535689294, 491.7019604359665)]
[(2.239015956350848, 467.2945467332932), (2.3983186655347519, 504.98919153333173), (2.5621522128316037, 532.4297636560691), (2.7344801056007051, 573.28063059380133), (2.9212790900353927, 617.54531023737559)]
[(2.239015956350848, 467.2945467332932), (2.5100524098549197, 530.30694863418978), (2.8054075375648968, 597.59171746759125), (3.1464542625446796, 673.34142815709663), (3.6748015769947919, 781.70746895009415)]
[(2.3828440787768832, 482.14122125402326), (2.8651569826462189, 563.08921646795511)]
[(2.3828440787768832, 482.14122125402326), (2.8293790595587804, 588.10141205355728)]
[(1.4505276265738487, 303.49258888149558), (1.5029963534938153, 316.02981785571274), (1.5558310849388266, 324.95599987178912), (1.6088784318563334, 333.91722831558496)]
[(1.4505276265738487, 303.49258888149558), (1.8970626073557462, 410.11079029942368)]
[(1.8065771149638108, 374.31006084023886), (2.2531120957457085, 480.89587831132843)]
[(1.8065771149638108, 374.31006084023886), (1.9162692556086718, 400.49817574661211)]
[(2.0987667267616201, 458.33772356787887), (2.2316869190268021, 480.77800114057737)]
[(2.0987667267616201, 458.33772356787887), (2.3109561144316486, 494.16020738299306), (2.5303403957213706, 531.19665788867542), (2.7620360202802723, 570.31227762124968)]
[(2.2385109535689294, 491.7019604359665), (2.7668582680190412, 580.90457511018303)]
[(2.2385109535689294, 491.7019604359665), (2.5338660812789064, 541.56516050736707), (2.8615331758726095, 619.80428522345755), (3.2792284031964964, 719.56203981580802)]
[(2.9212790900353927, 617.54531023737559), (3.2078156520626933, 685.25161137675468)]
[(2.9212790900353927, 617.54531023737559), (3.1854527472604484, 679.98720615885566), (3.4904942114838367, 751.72667352648602), (3.8843010484304723, 816.81138918535578), (4.4126483628805842, 902.33547120764456)]
[(1.6088784318563334, 333.91722831558496), (1.6661184426385676, 347.58975488805027), (1.7236973552025474, 361.34080219594517)]
[(1.6088784318563334, 333.91722831558496), (1.7543012440091825, 368.64353090831145), (1.9043417989264808, 404.45568922279062)]
[(1.9162692556086718, 400.49817574661211), (2.4446165700587836, 526.6105171765148)]
[(1.9162692556086718, 400.49817574661211), (2.0310189595764414, 427.88807821693888)]
[(2.2316869190268021, 480.77800114057737), (2.6782218998086997, 587.39602703350204)]
[(2.2316869190268021, 480.77800114057737), (2.3749552000404526, 514.98289940381801)]
[(2.7620360202802723, 570.31227762124968), (3.0897031148739753, 625.63485615362117), (3.4459148016090646, 685.78485405367383)]
[(2.7620360202802723, 570.31227762124968), (3.1356339891496479, 659.52444860476191), (3.5533292164735344, 730.06508071978897)]
[(3.2078156520626933, 685.25161137675468), (3.6543506328445905, 759.48871071557744), (4.1366635367139262, 839.17584853765572)]
[(3.2078156520626933, 685.25161137675468), (3.7361629665128055, 773.00036698664258)]
[(1.7236973552025474, 361.34080219594517), (1.7835977528956115, 375.64335617839549), (1.8437304736236695, 385.79443738511372), (1.9045767255637394, 400.31703172406378), (1.9658305256089754, 414.93300238095406)]
[(1.7236973552025474, 361.34080219594517), (1.9393942430979787, 397.7457068306062), (2.1756783452659603, 437.60181182920803), (2.4275580444942397, 480.06840146077377), (2.7060215293768306, 527.00420672249231), (3.0336886239705341, 582.23429226988424), (3.4802236047524318, 688.74883247492926)]
[(1.9043417989264808, 404.45568922279062), (2.0681753462233323, 432.09744842371373), (2.2369497049147475, 460.56497255888263), (2.4171146437794491, 503.5314040501388), (2.6168111580514264, 551.15451919975123)]
[(1.9043417989264808, 404.45568922279062), (2.2981486358731162, 470.8828935269097)]
[(2.0310189595764414, 427.88807821693888), (2.404616928445817, 490.93284232569084), (2.8869298323151527, 572.33653802924664)]
[(2.0310189595764414, 427.88807821693888), (2.1548654803070155, 457.44456304994537)]
[(2.3749552000404526, 514.98289940381801), (2.5437295587318682, 543.47519883720986), (2.7179205098916221, 572.8824855420944)]
[(2.3749552000404526, 514.98289940381801), (2.6534186849230439, 561.99366453530706), (2.948773812633021, 632.51770448240836), (3.2645217255809054, 685.83511603163049), (3.6822169529047923, 756.38069205691022)]
[(1.9658305256089754, 414.93300238095406), (2.0355675733725409, 426.69672362241323)]
[(1.9658305256089754, 414.93300238095406), (2.094734071287482, 436.67289475076973), (2.2260030169363603, 458.80172088098266)]
[(2.6168111580514264, 551.15451919975123), (2.8530952602194075, 591.0036021352812)]
[(2.6168111580514264, 551.15451919975123), (3.010617994998062, 617.58109036280439)]
[(2.1548654803070155, 457.44456304994537), (2.2886350115161558, 489.36625040624733)]
[(2.1548654803070155, 457.44456304994537), (2.5284634491763902, 546.61009039915689), (3.0107763530457263, 628.03286381802332)]
[(2.7179205098916221, 572.8824855420944), (2.9301098975616502, 608.70659368946053)]
[(2.7179205098916221, 572.8824855420944), (3.1356157372155087, 672.62752519573792)]
[(2.7179205098916221, 572.8824855420944), (3.246267824341734, 662.09475891683917)]
[(2.0355675733725409, 426.69672362241323), (2.1099900701695238, 439.24762737637519), (2.1854682579481111, 457.24209577050573), (2.2614128447342723, 470.04105566777781)]
[(2.0355675733725409, 426.69672362241323), (2.2412264865975349, 461.36397176575974), (2.4500741002594784, 496.54521567043645), (2.6657709881549096, 532.86093156822756), (2.8974666127138113, 571.85740791939907), (3.1438098182866043, 613.31636349590906), (3.4391649459965805, 683.64928353438017), (3.8127629148659561, 772.70602213317397), (4.3411102293160679, 898.79304656501631)]
[(2.2260030169363603, 458.80172088098266), (2.3983309097054617, 499.85640672255732), (2.5764367530730063, 529.84813437736057), (2.7656154383412632, 561.69638748915906), (2.9625188568145808, 594.84213458894419)]
[(2.2260030169363603, 458.80172088098266), (2.4416999048317916, 510.18334545062623), (2.6690643881516469, 548.46619945223529), (2.9053484903196285, 588.24473837946755), (3.1572281895479075, 648.22817651451692), (3.4437647515752081, 716.51106017882842), (3.7848114765549909, 774.01847781927222), (4.2025067038788775, 844.50220623965379)]
[(2.8530952602194075, 591.0036021352812), (3.2266932290887831, 680.16168953962665)]
[(2.8530952602194075, 591.0036021352812), (3.2266932290887831, 654.0360319224078)]
[(2.2886350115161558, 489.36625040624733), (2.4731418970663825, 520.4993373777553), (2.6623205823346394, 552.42298031257667), (2.8565449178984981, 585.20263268031306)]
[(2.2886350115161558, 489.36625040624733), (2.4912469575835399, 537.71804404803697), (2.7106312388732619, 590.08318106240563), (2.9469153410412434, 629.97176728947579), (3.233451903068544, 698.40700160575716), (3.5384933672919323, 749.93733479645607), (3.8795400922717151, 807.56470820136315), (4.2733469292183512, 874.12096837052934)]
[(2.9301098975616502, 608.70659368946053), (3.4584572120117625, 734.89436190672541)]
[(2.9301098975616502, 608.70659368946053), (3.1712663494963182, 649.42451009221099), (3.4231460487245977, 691.95717393004054)]
[(2.2614128447342723, 470.04105566777781), (2.3918789146824482, 501.11258128342638), (2.5247991069476305, 523.4843675717384), (2.6621364516962864, 556.15022585929478), (2.8086736311965614, 590.98081769373789), (2.9651566005873384, 628.15066818334878), (3.1274371882168563, 655.39400413416456)]
[(2.2614128447342723, 470.04105566777781), (2.3560021873684014, 485.9761850623895), (2.4515143747108348, 508.7180126271374)]
[(2.9625188568145808, 594.84213458894419), (3.4448317606839169, 676.0780502680667)]
[(2.9625188568145808, 594.84213458894419), (3.1857863472055294, 632.43010147741268)]
[(2.8565449178984981, 585.20263268031306), (3.0722418057939294, 621.61370572134592)]
[(2.8565449178984981, 585.20263268031306), (3.3848922323486104, 674.41821973174035)]
[(3.4231460487245977, 691.95717393004054), (3.9514933631747096, 818.17289342776564)]
[(3.4231460487245977, 691.95717393004054), (3.7388939616724821, 745.28232159245499), (4.0799406866522654, 802.89017298807084), (4.5622535905216006, 918.14099007325206)]
[(3.1274371882168563, 655.39400413416456), (3.3190889024383372, 700.85537302841931), (3.5279365161002807, 735.8619004302243), (3.7553009994201356, 789.69848069043996)]
[(3.1274371882168563, 655.39400413416456), (3.4836488749519448, 739.88194953537072), (3.930183855733842, 845.87067240447652)]
[(2.4515143747108348, 508.7180126271374), (2.551362631846823, 525.52073568721607), (2.6522981978887952, 542.49712614657915)]
[(2.4515143747108348, 508.7180126271374), (2.7925610996906176, 566.04847795366322), (3.3209084141407299, 654.77581895672392)]
[(3.1857863472055294, 632.43010147741268), (3.7141336616556417, 758.38665656912997)]
[(3.1857863472055294, 632.43010147741268), (3.4499600044305856, 676.92185562899977), (3.7284234893131765, 723.84752471719844)]
[(3.0722418057939294, 621.61370572134592), (3.6005891202440412, 747.82817488030537)]
[(3.0722418057939294, 621.61370572134592), (3.3241215050222088, 664.14385005811619), (3.5882951622472645, 708.76183797111958)]
[(3.7553009994201356, 789.69848069043996), (4.2376139032894713, 870.34635120049609)]
[(3.7553009994201356, 789.69848069043996), (4.0506561271301127, 859.54319540671156), (4.4444629640767488, 952.67722218325025)]
[(2.6522981978887952, 542.49712614657915), (2.8324631367534967, 585.26438848431189), (3.0216418220217536, 630.03548821454694), (3.2213383362937309, 677.10979530590271)]
[(2.6522981978887952, 542.49712614657915), (2.7768308541785873, 572.085928728255)]
[(3.7284234893131765, 723.84752471719844), (4.2107363931825121, 838.93639094512275)]
[(3.7284234893131765, 723.84752471719844), (4.2567708037632883, 812.97854641078095)]
[(3.5882951622472645, 708.76183797111958), (4.0059903895711511, 779.33404895142394), (4.5343377040212633, 868.62782241703542)]
[(3.5882951622472645, 708.76183797111958), (4.0059903895711511, 808.57504550359795)]
[(3.2213383362937309, 677.10979530590271), (3.5623850612735137, 733.53338146350347), (4.0446979651428494, 809.23637515402174)]
[(3.2213383362937309, 677.10979530590271), (3.4732180355220099, 718.9636757695597), (3.7597545975493105, 786.1627126221598), (4.087421692143014, 862.91891466987954), (4.5339566729249112, 936.7237957685918)]
[(2.7768308541785873, 572.085928728255), (3.0633674162058879, 640.04085644203622), (3.358722543915865, 689.5346428336137), (3.7149342306509539, 773.97939400134521), (4.2432815451010661, 862.66717195238232)]
[(2.7768308541785873, 572.085928728255), (2.9170396734664683, 595.62132050756748), (3.0613731608269226, 619.82902098841589)]
[(3.0613731608269226, 619.82902098841589), (3.22365374845644, 658.28063560946782), (3.3959816412255415, 699.06833108749845)]
[(3.0613731608269226, 619.82902098841589), (3.4349711296962973, 708.30245344311459), (3.9172840335656334, 789.04754405097674)]
[(3.3959816412255415, 699.06833108749845), (3.6081710288955695, 749.19889697454755), (3.860050728123849, 808.51476578505356), (4.155405855833826, 857.54050704811607), (4.6837531702839375, 981.32779900785988)]
[(3.3959816412255415, 699.06833108749845), (3.7370283662053239, 779.61592958381857), (4.1308352031519595, 872.58723824087542)]
