[(0.054093529209839314, 0.0), (0.10818705841967863, 9.1573709299126005), (0.16233737875194088, 18.324355900194703), (0.21665915171480754, 27.520365697628748), (0.27138740005298956, 40.6228013392371), (0.32659155516037786, 53.839173348338875)]
[(0.32659155516037786, 53.839173348338875), (0.44976315794677446, 83.327564579318192), (0.57499348163540775, 113.30883213915257), (0.70389702731391413, 135.13062116275165), (0.83681721957909627, 166.95291252978063), (0.97904353562958379, 201.00317376013032)]
[(0.32659155516037786, 53.839173348338875), (0.38860005061124747, 68.684565728842927), (0.45112745465231963, 83.654189500145264)]
[(0.97904353562958379, 201.00317376013032), (1.2253867412023769, 242.70605657154499)]
[(0.97904353562958379, 201.00317376013032), (1.1551593071129544, 230.81741346012723), (1.3374564496494783, 261.67808345254525)]
[(0.45112745465231963, 83.654189500145264), (0.51933679964827617, 95.201194883937745), (0.58835612284239935, 111.72504257937823)]
[(0.45112745465231963, 83.654189500145264), (0.60900141112626183, 110.38031369138758), (0.76977237908270713, 137.59686638897824), (0.93854673777412245, 166.16829496040657), (1.1187116766388239, 209.3014042417816)]
[(1.2253867412023769, 242.70605657154499), (1.5664334661821597, 324.35571466431611), (1.9841286935060465, 424.35571466431418)]
[(1.2253867412023769, 242.70605657154499), (1.6191935781490125, 309.37272323821048), (2.1015064820183484, 391.0223813309816)]
[(1.3374564496494783, 261.67808345254525), (1.6651235442431818, 340.12453750781754), (2.0387215131125571, 429.56725660780717), (2.4852564938944548, 536.47175337277326)]
[(1.3374564496494783, 261.67808345254525), (1.5786129015841461, 302.50291249893098), (1.8304926008124256, 345.14305577005246), (2.1355340650358134, 396.78283371948385), (2.4632011596295169, 452.25285334200601), (2.8808963869534034, 522.96353146065894)]
[(0.58835612284239935, 111.72504257937823), (0.7212763151075815, 143.54733394640721), (0.85679454185961712, 175.99161817255936), (0.99602628430091267, 199.56184421211077), (1.1403597716613665, 223.99573308337165), (1.2880373355163548, 248.99573308337142), (1.4405580676280487, 274.81562205808723)]
[(0.58835612284239935, 111.72504257937823), (0.66949641665715831, 125.46109897424708), (0.75121698218275934, 145.02573849602771), (0.83373096986417561, 158.99434441141921), (0.91727001532895303, 173.13648003515004), (1.0018732953597251, 193.39126737682324), (1.0880372417442759, 214.01969230199893)]
[(1.1187116766388239, 209.3014042417816), (1.3650548822116169, 268.27818670373927), (1.6360913357156881, 333.166755156043), (1.9411327999390762, 406.19642949006391), (2.334939636885712, 500.4773336482682)]
[(1.1187116766388239, 209.3014042417816), (1.4052482386661245, 257.80852924904741), (1.7102897028895125, 309.4483071984788), (2.0379567974832162, 364.91832682100096), (2.4115547663525914, 428.16388002436736), (2.9399020808027032, 554.65498643109777)]
[(1.4405580676280487, 274.81562205808723), (1.6768421697960303, 331.38416455301035), (1.9478786233001015, 377.26731132712212), (2.275545717893805, 432.73733094964427), (2.6693525548404411, 499.40399761630977), (3.1976998692905529, 588.84671671629826)]
[(1.4405580676280487, 274.81562205808723), (1.652747455298077, 325.61567285816261), (1.8801119386179321, 380.04877825334336), (2.1163960407859137, 420.04877825334268), (2.3682757400141936, 462.68892152446415), (2.6393121935182648, 508.57206829857591), (2.9346673212282419, 558.57206829857432), (3.3082652900976175, 621.81762150193981), (3.725960517421504, 692.52829962059263)]
[(1.0880372417442759, 214.01969230199893), (1.1768382451816648, 229.05261286205538), (1.2669207146140153, 250.61916750274287), (1.3591741573891287, 272.70547271771181)]
[(1.0880372417442759, 214.01969230199893), (1.5057324690681626, 284.73037042065278), (1.9880453729374983, 366.38002851342389)]
[(1.3591741573891287, 272.70547271771181), (1.466134944727953, 290.81262192621523), (1.5744355853924774, 309.1465918667792), (1.6855742782808285, 327.9610092344509), (1.7987338401990149, 347.11753493887363)]
[(1.3591741573891287, 272.70547271771181), (1.5436810429393559, 303.94022509543254), (1.7328597282076132, 335.96585585644948)]
[(1.7987338401990149, 347.11753493887363), (2.2452688209809124, 422.71042954071766)]
[(1.7987338401990149, 347.11753493887363), (2.0013457862663993, 381.41725196737491)]
[(1.7987338401990149, 347.11753493887363), (1.9441566523518641, 381.93306613001266), (2.0941972072691621, 417.85412653536707), (2.2506801766599391, 455.31755899863424)]
[(1.7328597282076132, 335.96585585644948), (1.9645553527665147, 391.43587547897164)]
[(1.7328597282076132, 335.96585585644948), (2.1505549555314998, 435.96585585644755)]
[(2.0013457862663993, 381.41725196737491), (2.4190410135902858, 481.41725196737298), (2.9013539174596215, 596.88730580529409)]
[(2.0013457862663993, 381.41725196737491), (2.2425022382010669, 422.24208101376064), (2.4888454437738603, 463.94496382517502), (2.753019100998916, 508.66632337517012), (3.0687670139468004, 562.1185717576534), (3.4098137389265832, 619.85359867661418), (3.8036205758732189, 686.52026534327888)]
[(2.2506801766599391, 455.31755899863424), (2.450376690931916, 489.1237291877743), (2.6592243045938595, 524.47906824710071), (2.8786085858835815, 561.61813588250993), (3.1103042104424832, 600.84136291014556), (3.3621839096707626, 643.48150618126647)]
[(2.2506801766599391, 455.31755899863424), (2.5084872680169519, 498.96113704583206)]
[(1.9645553527665147, 391.43587547897164), (2.2803032657143989, 444.88812386145571), (2.6741101026610345, 539.16902801965875), (3.1564230065303707, 654.63908185757987)]
[(1.9645553527665147, 391.43587547897164), (2.3207670395016038, 451.7381443945236), (2.7145738764482399, 518.40481106118818)]
[(3.3621839096707626, 643.48150618126647), (3.8905312241208745, 732.92422528125485)]
[(3.3621839096707626, 643.48150618126647), (3.6898510042644657, 721.92796023653773), (4.0836578412111013, 816.20886439474066)]
[(2.5084872680169519, 498.96113704583206), (2.8361543626106553, 577.40759110110321), (3.229961199557291, 671.68849525930614), (3.7583085140074033, 761.13121435929452)]
[(2.5084872680169519, 498.96113704583206), (3.0368345824670642, 588.40385614582055)]
