[(0.039803068337414677, 0.0), (0.079606136674829353, 6.7381712053543668), (0.11943181397080528, 13.480169831037671), (0.15943976076502955, 23.058432807856576), (0.19953978580945597, 29.846875421342546), (0.23975580769741414, 36.654955433109656), (0.2800653553439777, 43.478869667994083)]
[(0.2800653553439777, 43.478869667994083), (0.37557754268641125, 66.345711656661521)]
[(0.2800653553439777, 43.478869667994083), (0.32465519908035784, 54.15410048520441), (0.36946903339463061, 64.883007925975789), (0.41447757029545013, 75.658645979887169), (0.45974970263823139, 86.497612129254989), (0.50525632040187851, 97.393074107073701), (0.55103543531809718, 108.35429062397017)]
[(0.37557754268641125, 66.345711656661521), (0.55574248155111261, 109.48349411086849), (0.74024936710133959, 140.72400090520173), (0.93190108132282079, 173.1762878723768), (1.1475979692182521, 224.83131422414954), (1.3749624525381072, 263.33331100707358), (1.6268421517663867, 323.65373009600933), (1.9053056366489778, 390.33770620091855), (2.2103471008723656, 441.98873858106987), (2.551393825852148, 499.73361424303476), (2.9979288066340457, 575.33557277675061)]
[(0.37557754268641125, 66.345711656661521), (0.48978977436000187, 93.691038289688194)]
[(0.55103543531809718, 108.35429062397017), (0.99757041609999464, 215.32273867981979)]
[(0.55103543531809718, 108.35429062397017), (0.59730343336537051, 119.4332387127764), (0.64393038169617656, 130.59895632394964)]
[(0.48978977436000187, 93.691038289688194), (0.84600146109509067, 178.99050316432553), (1.2925364418769882, 285.92444312142914)]
[(0.48978977436000187, 93.691038289688194), (0.6122973744504745, 123.02478821318793)]
[(0.64393038169617656, 130.59895632394964), (0.97159747628988002, 186.10432814785676), (1.3892927036137668, 256.88146529132644), (1.9176400180638788, 346.41490140786578)]
[(0.64393038169617656, 130.59895632394964), (0.69107419243329493, 138.58228991476111), (0.73833101286689129, 146.58525230962729)]
[(0.6122973744504745, 123.02478821318793), (0.82448676212050265, 158.95404531043704), (1.0438710434102245, 211.49175194037028), (1.275566667969126, 266.97893089528975), (1.516723119903794, 324.73124774844985), (1.7686028191320735, 367.3832260188463)]
[(0.6122973744504745, 123.02478821318793), (0.76481810656216831, 159.54798766738088), (0.91994621954786771, 185.81637688979959), (1.0853781807669998, 225.43429101721347), (1.257706073536101, 266.70426263854489), (1.442212959086328, 310.89076374675363)]
[(0.73833101286689129, 146.58525230962729), (0.9846742184396845, 188.31727320507517), (1.2424813097966974, 232.00367472395155)]
[(0.73833101286689129, 146.58525230962729), (0.78660254630662241, 158.14725538465106)]
[(1.7686028191320735, 367.3832260188463), (2.1096495441118561, 449.05027453471945), (2.5273447714357427, 549.06443919458661)]
[(1.7686028191320735, 367.3832260188463), (2.2509157230014094, 482.87521744892058)]
[(1.442212959086328, 310.89076374675363), (1.6940926583146074, 353.54341442042102), (2.0098405712624916, 407.00896783443989)]
[(1.442212959086328, 310.89076374675363), (1.7206764439689193, 358.04486975850028), (2.0483435385626225, 413.52836340428439), (2.5306564424319586, 529.01611537432655)]
[(1.2424813097966974, 232.00367472395155), (1.6362881467433328, 298.74973770681504), (2.1186010506126687, 380.49501921732769)]
[(1.2424813097966974, 232.00367472395155), (1.6362881467433328, 326.39551345102683), (2.1186010506126687, 441.98392705222778)]
[(0.78660254630662241, 158.14725538465106), (0.84844092210785826, 172.96063648438871), (0.91079391185091352, 187.89923646017786)]
[(0.78660254630662241, 158.14725538465106), (0.86467301115883877, 176.84965337551031), (0.94325993455240098, 195.67881197122429), (1.022730878143524, 214.72282582995874), (1.1036804777021421, 234.12409169604922), (1.1861944653835581, 253.90287354833782)]
[(2.0098405712624916, 407.00896783443989), (2.5381878857126035, 496.46716498670526)]
[(2.0098405712624916, 407.00896783443989), (2.4921534751318277, 522.49723495474177)]
[(0.91079391185091352, 187.89923646017786), (1.284391880720289, 277.46674273734197), (1.8127391951704008, 367.05740311540893)]
[(0.91079391185091352, 187.89923646017786), (0.97449183685255858, 203.16220273618936)]
[(1.1861944653835581, 253.90287354833782), (1.4727310274108587, 302.47747627128416), (1.7777724916342466, 354.19046647433697)]
[(1.1861944653835581, 253.90287354833782), (1.2836363868063532, 270.42027565352947), (1.381748020038104, 287.05237580803492)]
[(1.1861944653835581, 253.90287354833782), (1.3729934498182457, 298.68630117255037), (1.564645164039727, 344.63518352992588), (1.7672571101071111, 393.20845759295401), (1.9905246004980597, 446.72444045283703)]
[(0.97449183685255858, 203.16220273618936), (1.0394285809613282, 218.72445582135876)]
[(0.97449183685255858, 203.16220273618936), (1.3682986737991942, 297.5965681715715), (1.8506115776685299, 413.27732710723444)]
[(1.7777724916342466, 354.19046647433697), (2.2600853955035825, 469.78803361689756)]
[(1.7777724916342466, 354.19046647433697), (2.2600853955035825, 435.93954682994752)]
[(1.381748020038104, 287.05237580803492), (1.9100953344882161, 376.6172714252375)]
[(1.381748020038104, 287.05237580803492), (1.4823172125805846, 304.10200705979952), (1.5839977006550472, 321.34069473717364)]
[(1.9905246004980597, 446.72444045283703), (2.5188719149481718, 536.24377164238956)]
[(1.9905246004980597, 446.72444045283703), (2.2615610540021307, 511.67394758065882), (2.5892281485958342, 567.18462008416395), (2.9454398353309226, 627.51976638892916), (3.3631350626548095, 698.25748999781058)]
[(1.0394285809613282, 218.72445582135876), (1.4859635617432256, 325.83151553618171)]
[(1.0394285809613282, 218.72445582135876), (1.105471995267592, 234.5548041962092)]
[(1.5839977006550472, 321.34069473717364), (2.1123450151051593, 410.90131464843853)]
[(1.5839977006550472, 321.34069473717364), (1.6884215074860187, 339.04487915233739)]
[(1.105471995267592, 234.5548041962092), (1.1856720453564449, 253.78350755386415), (1.2666216449150629, 267.51023749303187)]
[(1.105471995267592, 234.5548041962092), (1.2242092241792881, 263.02706834596506), (1.3447874501466222, 291.95306649615316)]
[(1.6884215074860187, 339.04487915233739), (2.1707344113553546, 420.80093145568401)]
[(1.6884215074860187, 339.04487915233739), (1.7962699514337344, 357.32976318746137), (1.9069201202301598, 376.08932597704529), (2.0190555926511298, 395.0999057803366)]
[(1.2666216449150629, 267.51023749303187), (1.4558003301833202, 312.91311067232795)]
[(1.2666216449150629, 267.51023749303187), (1.3572324618071012, 289.24827346377037), (1.4492059238370649, 311.32362052029293)]
[(1.3447874501466222, 291.95306649615316), (1.4794228126031781, 324.26393537897974), (1.6158415025950912, 347.41873806688369), (1.7591097836087415, 381.8154882412918)]
[(1.3447874501466222, 291.95306649615316), (1.64982891437001, 365.17548552925081), (2.0675241416938968, 465.45841843844647)]
[(2.0190555926511298, 395.0999057803366), (2.5013684965204659, 476.83864487255761)]
[(2.0190555926511298, 395.0999057803366), (2.1354644145665675, 414.83360950866256)]
[(1.4558003301833202, 312.91311067232795), (1.9023353109652177, 388.74531721556514), (2.4306826254153298, 478.46253821654068)]
[(1.4558003301833202, 312.91311067232795), (1.6714972180787515, 349.53801692291927), (1.8988617013986067, 388.15727974222426), (2.1566687927556196, 431.95065481964843), (2.4520239204655967, 502.87717906911575), (2.8082356072006855, 563.33380770780047)]
[(1.4492059238370649, 311.32362052029293), (1.5821261161022468, 333.89500779459144), (1.7167614785588028, 356.77095325137145), (1.8540988233074587, 380.1187233670733), (1.9953055827284898, 404.1344728124169)]
[(1.4492059238370649, 311.32362052029293), (1.5773489699834906, 333.08364327055023), (1.7078150399316663, 355.25261075988499), (1.8442337299235794, 388.07749096854337), (1.9844425492114606, 411.96055559448507), (2.1309797287117358, 436.9570065091213), (2.2847875784283915, 463.2377296609435)]
[(1.7591097836087415, 381.8154882412918), (2.0375732684913324, 448.69765374002986), (2.3426147327147206, 522.00085619972083), (2.7162127015840962, 611.79267114532115), (3.2445600160342081, 701.53836499624276)]
[(1.7591097836087415, 381.8154882412918), (1.9296331460986329, 410.76844806735255), (2.1057489175820034, 453.06891006954697)]
[(2.1354644145665675, 414.83360950866256), (2.4916761013016564, 475.20148312914341), (2.9739890051709921, 590.74818531559856)]
[(2.1354644145665675, 414.83360950866256), (2.2599970708563593, 435.94246087999835)]
[(1.9953055827284898, 404.1344728124169), (2.2906607104384666, 454.37564384220121)]
[(1.9953055827284898, 404.1344728124169), (2.1640799414199052, 444.73753595949177), (2.3421857847874494, 487.57756541262546)]
[(2.2847875784283915, 463.2377296609435), (2.493635192090335, 513.90458568718361)]
[(2.2847875784283915, 463.2377296609435), (2.5311307840011845, 522.97880468128449), (2.8095942688837758, 570.85060751666254), (3.1253421818316602, 647.99391397648947), (3.5430374091555472, 720.66213224102387)]
[(2.1057489175820034, 453.06891006954697), (2.3114078308069979, 488.01002376370531), (2.5235972184770259, 524.0804482961172), (2.7509617017968813, 562.76159934492262), (3.0028414010251607, 605.66302633481428)]
[(2.1057489175820034, 453.06891006954697), (2.4995557545286391, 547.76632096162973)]
[(2.2599970708563593, 435.94246087999835), (2.7883443853064711, 525.46352634161451)]
[(2.2599970708563593, 435.94246087999835), (2.3896748189653434, 457.9209305297648), (2.5217616475778715, 480.30501645056682), (2.6563970100344276, 503.11831114324366)]
[(2.2906607104384666, 454.37564384220121), (2.7083559377623532, 554.76739042236045)]
[(2.2906607104384666, 454.37564384220121), (2.7729736143078023, 536.36213564006061), (3.3013209287579146, 626.08146501428359)]
[(2.3421857847874494, 487.57756541262546), (2.7887207655693467, 563.45911824231655)]
[(2.3421857847874494, 487.57756541262546), (2.5418822990594268, 521.53112265691368), (2.7507299127213698, 557.02450061779257), (2.9739974031123184, 594.9484041751565), (3.2203406086851114, 654.08004858083291)]
[(2.493635192090335, 513.90458568718361), (2.9759480959596707, 596.94901507648569)]
[(2.493635192090335, 513.90458568718361), (2.7347916440250026, 555.43547777962362)]
[(3.0028414010251607, 605.66302633481428), (3.3966482379717964, 700.97684900351601)]
[(3.0028414010251607, 605.66302633481428), (3.5311887154752726, 733.33117351385908)]
[(2.6563970100344276, 503.11831114324366), (3.0126086967695165, 563.4622743274806), (3.3862066656388921, 626.7395411267787), (3.9145539800890039, 716.21062425404023)]
[(2.6563970100344276, 503.11831114324366), (3.0126086967695165, 563.4622743274806), (3.3862066656388921, 626.7395411267787)]
[(2.6563970100344276, 503.11831114324366), (2.8171679779908727, 530.35676988087823)]
[(3.2203406086851114, 654.08004858083291), (3.5613873336648942, 735.88296231467848), (4.0437002375342299, 817.64647403604272)]
[(3.2203406086851114, 654.08004858083291), (3.7486879231352233, 743.68672724682574)]
[(2.7347916440250026, 555.43547777962362), (3.0398331082483909, 630.4976710922615)]
[(2.7347916440250026, 555.43547777962362), (3.2631389584751149, 646.7988272940612)]
[(2.8171679779908727, 530.35676988087823), (3.2109748149375084, 624.68646267672409), (3.6575097957194065, 700.3057979359105), (4.1858571101695183, 789.76920329718098)]
[(2.8171679779908727, 530.35676988087823), (2.9994651205273963, 561.23861350315156)]
[(3.0398331082483909, 630.4976710922615), (3.5221460121177266, 716.46306126036757)]
[(3.0398331082483909, 630.4976710922615), (3.5221460121177266, 714.9727755283443)]
[(2.9994651205273963, 561.23861350315156), (3.2083127341893394, 596.61416972368841)]
[(2.9994651205273963, 561.23861350315156), (3.481778024396732, 676.75519179148193)]
[(3.2083127341893394, 596.61416972368841), (3.6548477149712375, 703.55476395397784), (4.1831950294213494, 793.01723317108633)]
[(3.2083127341893394, 596.61416972368841), (3.4546559397621324, 638.33602819565476), (3.741192501789433, 686.85953851099373)]
[(3.741192501789433, 686.85953851099373), (4.1349993387360691, 781.15973492632884)]
[(3.741192501789433, 686.85953851099373), (4.2695398162395453, 776.32076242163805)]
