[(0.035007511183368305, 0.0), (0.07001502236673661, 5.6957177181117409), (0.10503673826206435, 11.393746541093634), (0.14010117226543906, 17.098725594944924), (0.17526589290385086, 25.189859535572261)]
[(0.17526589290385086, 25.189859535572261), (0.21060455386478988, 30.939455281332943), (0.24606061933839188, 39.09762544581298)]
[(0.17526589290385086, 25.189859535572261), (0.54590089588703072, 85.492128451124813), (1.0477430622766502, 200.96218228904843)]
[(0.24606061933839188, 39.09762544581298), (0.29387318454386502, 46.876723861657112), (0.34190423938031356, 57.928303141567838), (0.39011967514362261, 65.772948547095169), (0.43863458854267967, 76.935859990814095), (0.48737780867757763, 84.866375847995499), (0.53646961408878968, 96.162025742493569)]
[(0.24606061933839188, 39.09762544581298), (0.29895942839520506, 47.704255104051654), (0.35205525418258998, 59.921199539682164), (0.40535031453784448, 68.592299234923331), (0.45879628145382106, 77.287951408836335)]
[(0.53646961408878968, 96.162025742493569), (0.58661206274994604, 104.32019590697359), (0.63688012943341055, 112.49880410806887)]
[(0.53646961408878968, 96.162025742493569), (0.78232106190228201, 136.1620257424932), (1.0386389148318513, 177.86490855390787), (1.3283776246876029, 244.53157522057387), (1.6990126276707829, 304.83384413612578), (2.1087650406932701, 371.50051080279127)]
[(0.45879628145382106, 77.287951408836335), (0.84752155202415058, 166.73067050882662)]
[(0.45879628145382106, 77.287951408836335), (0.51296382735297907, 89.751490465831409)]
[(0.63688012943341055, 112.49880410806887), (1.0714881942170382, 212.49880410806759)]
[(0.63688012943341055, 112.49880410806887), (0.68766027792558182, 124.18292886480855), (0.73865846154886339, 135.91722184178562)]
[(0.51296382735297907, 89.751490465831409), (0.56996926681801285, 99.026268381034754), (0.62715948939152755, 108.33111048501942), (0.68453630372530838, 117.66631104520613)]
[(0.51296382735297907, 89.751490465831409), (0.69039182682270284, 130.57631951221742), (0.88236955417666996, 174.74892994215566)]
[(0.73865846154886339, 135.91722184178562), (0.79272113310782699, 148.35663011320798), (0.8470471412057804, 160.8566301132079), (0.90174837039536082, 173.44296562375888), (0.9567774820168583, 182.39619524447573), (1.0123096635269053, 195.17372654447445), (1.0681849925754263, 208.03021347513885), (1.1243511894355316, 220.95362687016353)]
[(0.73865846154886339, 135.91722184178562), (0.91796405827416394, 177.17407169213703), (1.1054240298029567, 220.30718097351206)]
[(0.73865846154886339, 135.91722184178562), (1.0671912778918711, 211.51011644363018), (1.4378262808750508, 296.79040298587245), (1.847578693897538, 363.45706965253794)]
[(0.68453630372530838, 117.66631104520613), (0.74554331615838243, 131.70355917207797)]
[(0.68453630372530838, 117.66631104520613), (0.86014448073494565, 146.23773961663449), (1.0394500774602464, 187.49458946698593), (1.2269100489890392, 230.62769874836096), (1.4188877763430063, 261.86245112608174), (1.6266701734937454, 309.67159549945666), (1.8511008130983351, 361.31137344888805), (2.0921779919148804, 416.78139307141021)]
[(0.88236955417666996, 174.74892994215566), (1.3469851187335808, 250.34182454400025)]
[(0.88236955417666996, 174.74892994215566), (1.1068001937812597, 226.38870789158739), (1.347877372597805, 281.85872751410955), (1.6041952255273744, 323.56161032552393)]
[(1.1243511894355316, 220.95362687016353), (1.4528840057785395, 296.54652147200761), (1.841609276348869, 359.79207467537401)]
[(1.1243511894355316, 220.95362687016353), (1.1814796181254432, 230.24841511696692), (1.2391715189266919, 243.52288134896628), (1.2970549816301697, 252.94051353592644)]
[(1.1054240298029567, 220.30718097351206), (1.5151764428254439, 314.58808513171641), (2.0170186092150635, 430.05813896963923)]
[(1.1054240298029567, 220.30718097351206), (1.3377318120814121, 273.75942935599619), (1.5788089908979577, 312.98265638363227), (1.8351268438275268, 354.68553919504666), (2.1248655536832786, 401.82599127414915)]
[(0.74554331615838243, 131.70355917207797), (1.247385482548002, 213.35321726484966)]
[(0.74554331615838243, 131.70355917207797), (0.80716041389241422, 141.7286533144196), (0.86916823905319429, 155.99618081454793)]
[(2.0921779919148804, 416.78139307141021), (2.4470339908543277, 474.5164199903719), (2.8816420556379554, 574.5164199903686)]
[(2.0921779919148804, 416.78139307141021), (2.4331126077758825, 472.25141269393237), (2.8677206725595101, 542.9620908125853)]
[(1.6041952255273744, 323.56161032552393), (2.1539357752050852, 450.05271673225627)]
[(1.6041952255273744, 323.56161032552393), (1.9327280418703821, 399.15450492736795), (2.3033630448535618, 459.45677384291992), (2.8052052112431816, 574.92682768084114)]
[(1.2970549816301697, 252.94051353592644), (1.6255877979731777, 306.39276191841054), (2.0143130685435069, 395.83548101840336), (2.5161552349331266, 477.48513911117732)]
[(1.2970549816301697, 252.94051353592644), (1.3559933550519792, 262.52977956563399), (1.4152045927724424, 272.16344058281561)]
[(2.1248655536832786, 401.82599127414915), (2.6267077200728983, 517.29604511207026)]
[(2.1248655536832786, 401.82599127414915), (2.5894811182401893, 508.73048803911672)]
[(0.86916823905319429, 155.99618081454793), (0.93544534758771747, 171.24603784780831)]
[(0.86916823905319429, 155.99618081454793), (1.0544857405447843, 198.63632408566963), (1.2464634678987514, 229.87107646339058), (1.4458753241555526, 275.75422323750229), (1.6566912014318091, 324.2613482447681), (1.881121841036399, 360.77618541177867), (2.1269732888498916, 417.34472790670179), (2.4089842404662538, 482.23329635900552), (2.7162985502331192, 532.23329635900404), (3.1260509632556066, 626.51420051720697)]
[(1.4152045927724424, 272.16344058281561), (1.4754738874765787, 286.03094548844615)]
[(1.4152045927724424, 272.16344058281561), (1.7858395957556223, 357.44372712505788), (2.2504551603125331, 464.34822389002545)]
[(0.93544534758771747, 171.24603784780831), (1.4851858972654284, 260.68875694779797)]
[(0.93544534758771747, 171.24603784780831), (1.002506827904373, 182.15693235960785), (1.0700729163925669, 197.70337384633717)]
[(1.4754738874765787, 286.03094548844615), (1.7827881972434443, 336.03094548844524), (2.1113210135864522, 389.48319387092931), (2.575936578143363, 496.38769063589689)]
[(1.4754738874765787, 286.03094548844615), (1.5370137223617459, 296.04346897488119), (1.5987862228589427, 306.09384712747317)]
[(1.0700729163925669, 197.70337384633717), (1.2422033593939095, 225.70897552689723), (1.4196313588636331, 254.576488986378), (1.6028782087562035, 284.3907286863747)]
[(1.0700729163925669, 197.70337384633717), (1.5046809811761943, 268.41405196499102), (2.0065231475658138, 383.88410580291384)]
[(1.0700729163925669, 197.70337384633717), (1.1447449758045427, 214.88484502983937), (1.2198338127384616, 232.16221354146643)]
[(1.5987862228589427, 306.09384712747317), (1.7217119467656889, 334.37811837493462), (1.8478310784084071, 363.39716837933474), (1.978132085147805, 384.59712597946168), (2.1106863022168514, 406.16368062014908), (2.2472704398910137, 428.38590284237097)]
[(1.5987862228589427, 306.09384712747317), (1.6707230615887447, 317.79796184708607), (1.7430323109456543, 334.43576846323992)]
[(1.6028782087562035, 284.3907286863747), (2.0126306217786905, 378.67163284457899)]
[(1.6028782087562035, 284.3907286863747), (1.8236593264475143, 335.19077948645008)]
[(1.2198338127384616, 232.16221354146643), (1.3092491198273357, 252.73599353641185), (1.3991413119362044, 267.36144201895422), (1.4900106217955602, 282.14586743804546)]
[(1.2198338127384616, 232.16221354146643), (1.3627320641888006, 265.04201100253738), (1.5096564062252842, 298.84818119167744), (1.6621270016148801, 333.93050196395802), (1.8208234287853198, 370.44533913096859)]
[(2.2472704398910137, 428.38590284237097), (2.5093489638455164, 488.68817175792287), (2.7990876737012682, 555.35483842458757), (3.1878129442715974, 644.79755752457595), (3.6224210090552251, 715.50823564322877)]
[(2.2472704398910137, 428.38590284237097), (2.4130234521932592, 466.52440641219403)]
[(1.7430323109456543, 334.43576846323992), (1.816758260805476, 346.43097134132108), (1.8908852614021119, 358.49142512443143)]
[(1.7430323109456543, 334.43576846323992), (2.1317575815159837, 397.68132166660632), (2.6335997479056035, 479.33097975937744)]
[(1.8236593264475143, 335.19077948645008), (2.0745804096423242, 376.01560853283581), (2.3643191194980759, 442.6822751995013)]
[(1.8236593264475143, 335.19077948645008), (2.3733998761252253, 424.63349858643971)]
[(1.4900106217955602, 282.14586743804546), (1.5837406075599565, 303.71242207873286), (1.6788633885950737, 325.59944828531593)]
[(1.4900106217955602, 282.14586743804546), (1.9546261863524712, 389.05036420301303)]
[(1.8208234287853198, 370.44533913096859), (1.9896748963816349, 397.91745192070596), (2.1729217462742052, 440.08115405628382)]
[(1.8208234287853198, 370.44533913096859), (2.3705639784630308, 459.88805823095822)]
[(2.4130234521932592, 466.52440641219403), (2.6751019761477619, 526.82667532774508), (2.9732406489554259, 575.33380033501021), (3.2906335032963052, 626.97357828444092)]
[(2.4130234521932592, 466.52440641219403), (2.6374540917978488, 503.03924357920459), (2.8740247577574807, 557.47234897438466), (3.1303426106870496, 616.44913143634153), (3.4123535623034122, 681.33769988864424), (3.7408863786464202, 756.93059449048724), (4.2055019432033314, 832.52348909233024)]
[(1.8908852614021119, 358.49142512443143), (2.0613525693326129, 397.71465215206752), (2.238780568802337, 438.53948119845325), (2.4262405403311296, 481.67259047982793)]
[(1.8908852614021119, 358.49142512443143), (1.9739507678127157, 377.60416442713102)]
[(2.3643191194980759, 442.6822751995013), (2.7989271842817032, 513.39295331815424)]
[(2.3643191194980759, 442.6822751995013), (2.7740715325205629, 509.3489418661668)]
[(1.6788633885950737, 325.59944828531593), (1.854471565604711, 366.00555006740376), (2.0337771623300118, 395.17854836698223)]
[(1.6788633885950737, 325.59944828531593), (1.7955393223248257, 352.4456904938765), (1.9155025452526706, 380.0483128675703), (2.0384282691594171, 408.33258411503175)]
[(2.1729217462742052, 440.08115405628382), (2.4710604190818688, 488.58827906354963), (2.7995932354248767, 542.04052744603291)]
[(2.1729217462742052, 440.08115405628382), (2.4094924122338366, 478.57117200225821)]
[(3.2906335032963052, 626.97357828444092), (3.840374052974016, 716.4162973844293)]
[(3.2906335032963052, 626.97357828444092), (3.7924756696859245, 742.44363212236203)]
[(2.4262405403311296, 481.67259047982793), (2.6370564176073863, 530.17971548709306), (2.8614870572119759, 581.81949343652377), (3.1025642360285213, 621.0427204641594), (3.3923029458842731, 687.7093871308241), (3.8020553589067605, 781.99029128902703)]
[(2.4262405403311296, 481.67259047982793), (2.9759810900088404, 571.11530957981631)]
[(1.9739507678127157, 377.60416442713102), (2.0645728137855532, 392.34836004262053), (2.1559427847886328, 407.21424296756368), (2.2494014820368191, 428.71837619038217)]
[(1.9739507678127157, 377.60416442713102), (2.1847666450889722, 411.90388145563224), (2.4020706774807858, 447.25922051495911)]
[(2.0337771623300118, 395.17854836698223), (2.4044121653131914, 480.45883490922449), (2.9062543317028111, 562.10849300199447)]
[(2.0337771623300118, 395.17854836698223), (2.2510811947218254, 445.17854836698132), (2.4876518606814573, 499.61165376216206), (2.7696628122978195, 564.50022221446488), (3.1583880828681488, 653.94294131445326), (3.6602302492577681, 735.59259940722336)]
[(2.0384282691594171, 408.33258411503175), (2.2327909044445819, 439.95536071671506), (2.4348795496850522, 486.45441621424209), (2.6456954269613084, 534.96154122150733), (2.8739627656765299, 587.48411436539482), (3.1248838488713395, 645.2191412843556), (3.4068948004877018, 710.10770973665831), (3.7775298034708817, 795.38799627889944), (4.2121378682545094, 866.09867439755226)]
[(2.0384282691594171, 408.33258411503175), (2.1998376522883567, 445.47165175044142)]
[(2.7995932354248767, 542.04052744603291), (3.3493337851025879, 668.53163385276343)]
[(2.7995932354248767, 542.04052744603291), (3.3493337851025879, 631.48324654602129)]
[(2.4094924122338366, 478.57117200225821), (2.8441004770174643, 549.28185012091103), (3.3938410266951755, 638.72456922089941)]
[(2.4094924122338366, 478.57117200225821), (2.7168067220007024, 549.28185012091103), (3.0874417249838828, 634.56213666315216)]
[(2.2494014820368191, 428.71837619038217), (2.3450990283085118, 444.28835507361242), (2.4416785982604288, 460.00183909997992)]
[(2.2494014820368191, 428.71837619038217), (2.7512436484264384, 510.36803428315153)]
[(2.4020706774807858, 447.25922051495911), (2.8666862420376962, 554.16371727992509)]
[(2.4020706774807858, 447.25922051495911), (2.6703165987474078, 508.98056049979516), (2.9988494150904161, 584.57345510163827)]
[(2.1998376522883567, 445.47165175044142), (2.3754458292979939, 474.04308032186964), (2.5547514260232949, 503.2160786214481), (2.7444299359765565, 546.85965666864536)]
[(2.1998376522883567, 445.47165175044142), (2.6644532168452675, 521.06454635228442)]
[(2.4416785982604288, 460.00183909997992), (2.5463199235342935, 484.07900971713343), (2.6533130329060115, 501.486775312703)]
[(2.4416785982604288, 460.00183909997992), (2.7165488730992844, 523.24739230334535), (3.0238631828661493, 593.95807042199817)]
[(2.9988494150904161, 584.57345510163827), (3.5485899647681269, 674.01617420162665)]
[(2.9988494150904161, 584.57345510163827), (3.5006915814800355, 700.04350893955939)]
[(2.7444299359765565, 546.85965666864536), (2.9767377182550119, 600.31190505112863), (3.2449836395216343, 662.03324503596377)]
[(2.7444299359765565, 546.85965666864536), (3.1541823489990439, 613.52632333531005), (3.7039228986767552, 702.96904243529843)]
[(2.6533130329060115, 501.486775312703), (2.8205937550358846, 539.97679325867693), (2.9944369809493359, 579.9767932586758), (3.1841154909025975, 623.62037130587305), (3.3918978880533364, 671.42951567924729)]
[(2.6533130329060115, 501.486775312703), (2.7962112843563505, 534.36657277377344), (2.9410806392842264, 557.93679881332446), (3.0912583131520641, 592.4915358365779)]
[(3.0238631828661493, 593.95807042199817), (3.5736037325438605, 683.40078952198655)]
[(3.0238631828661493, 593.95807042199817), (3.458471247649777, 693.95807042199476)]
[(3.2449836395216343, 662.03324503596377), (3.6795917043052619, 732.7439231546166), (4.1814338706948808, 848.21397699253771)]
[(3.2449836395216343, 662.03324503596377), (3.6156186425048142, 722.33551395151494), (4.1174608088944336, 803.98517204428504)]
[(3.3918978880533364, 671.42951567924729), (3.6900365608610004, 740.02894973624848)]
[(3.3918978880533364, 671.42951567924729), (3.7467538869927846, 729.16454259820807), (4.1354791575631138, 792.41009580157356), (4.6373213239527331, 874.05975389434366)]
[(3.0912583131520641, 592.4915358365779), (3.2933469583925348, 638.99059133410424)]
[(3.0912583131520641, 592.4915358365779), (3.3323354919686099, 647.96155545909937), (3.5944140159231126, 708.26382437465054), (3.9017283256899784, 778.97450249330336), (4.3114807387124658, 845.64116915996806)]
[(3.6900365608610004, 740.02894973624848), (4.2397771105387116, 866.520056142979)]
[(3.6900365608610004, 740.02894973624848), (4.0997889738834878, 834.30985389445141)]
[(3.2933469583925348, 638.99059133410424), (3.6218797747355427, 714.58348593594724), (4.0564878395191704, 785.29416405460006), (4.6062283891968816, 874.73688315458844)]
[(3.2933469583925348, 638.99059133410424), (3.56821723323139, 702.23614453746973), (3.8502281848477522, 748.11929131158081), (4.157542494614618, 798.11929131157922), (4.49847711047562, 853.58931093410069), (4.9330851752592473, 924.29998905275352)]
