[(0.038339479908438646, 0.0), (0.076678959816877293, 6.2378286155180538), (0.11509324853773548, 15.076663380349899), (0.15354510625409676, 21.332775851248449), (0.19211033578714598, 30.206340945409604)]
[(0.19211033578714598, 30.206340945409604), (0.23102179377737822, 39.159570566126533)]
[(0.19211033578714598, 30.206340945409604), (0.52064315213015377, 105.79923554725525), (0.8754991510696013, 163.53426246621831), (1.3773413174592206, 279.00431630414516)]
[(0.23102179377737822, 39.159570566126533), (0.27020908327707555, 45.535337696759925), (0.30949631501890768, 54.575029990871315), (0.3488842575943748, 60.98344335199134), (0.38839408166561368, 70.074352442900476)]
[(0.23102179377737822, 39.159570566126533), (0.57195640963838046, 94.629590188649871), (0.98170882266086779, 188.91049434685686)]
[(0.38839408166561368, 70.074352442900476), (0.42887751283626646, 79.38928109955296)]
[(0.38839408166561368, 70.074352442900476), (0.57371158315720361, 100.22548690067691), (0.76568931051117073, 131.46023927839832), (0.97347170766190971, 179.26938365177438), (1.1979023472664996, 215.7842208187858), (1.4344730132261314, 254.27423876476152), (1.7164839648424937, 319.16280721706744)]
[(0.42887751283626646, 79.38928109955296), (0.55242251383065977, 107.81604328030116), (0.67723467619564848, 128.12296658297373), (0.80470271392671322, 157.45238958724462), (0.93500372066611137, 187.43365714707937), (1.0699322318493212, 218.47967817533288), (1.210019095430632, 250.71259673634836), (1.3580042768176257, 284.76285796669879)]
[(0.42887751283626646, 79.38928109955296), (0.47180503768920562, 89.266577066048882), (0.51483764843954116, 99.168052495815658)]
[(1.7164839648424937, 319.16280721706744), (2.1510920296261213, 419.16280721706903), (2.7008325793038326, 545.65391362380751)]
[(1.7164839648424937, 319.16280721706744), (2.2662245145202049, 408.60552631706025)]
[(1.3580042768176257, 284.76285796669879), (1.5252849989474988, 323.25287591267443)]
[(1.3580042768176257, 284.76285796669879), (1.859846443207245, 400.23291180462559)]
[(1.3580042768176257, 284.76285796669879), (1.859846443207245, 400.23291180462559)]
[(0.51483764843954116, 99.168052495815658), (0.77115550136911049, 158.14483495777472), (1.0460257762079659, 221.39038816114265), (1.3357644860637177, 268.53084024024656), (1.6906204850031652, 326.26586715921007), (2.0793457555734949, 389.51142036257841), (2.6290863052512061, 516.002526769317)]
[(0.51483764843954116, 99.168052495815658), (0.97945321299645216, 174.76094709766181), (1.5291937626741632, 264.20366619765457)]
[(0.51483764843954116, 99.168052495815658), (0.55876771825768545, 109.27602641020107)]
[(1.5252849989474988, 323.25287591267443), (1.7221236911909101, 355.27850667369239), (1.9269998977021539, 388.61184000702622)]
[(1.5252849989474988, 323.25287591267443), (1.8538178152905065, 376.7051242951602), (2.3556599816801258, 458.35478238793416)]
[(0.55876771825768545, 109.27602641020107), (0.60303833634913995, 119.46235788416834), (0.64742424270374943, 129.67521630793172), (0.69192634272929676, 136.91570245049172)]
[(0.55876771825768545, 109.27602641020107), (0.96852013128017267, 203.55693056840806)]
[(1.9269998977021539, 388.61184000702622), (2.3616079624857815, 488.61184000702781)]
[(1.9269998977021539, 388.61184000702622), (2.1779209808969635, 446.34686692598973)]
[(0.69192634272929676, 136.91570245049172), (1.101678755751784, 203.58236911715915)]
[(0.69192634272929676, 136.91570245049172), (0.73678257645580914, 147.23677961431395)]
[(2.1779209808969635, 446.34686692598973), (2.4760596537046271, 494.85399193325702), (2.8466946566878075, 555.1562608488116)]
[(2.1779209808969635, 446.34686692598973), (2.7276615305746748, 535.78958602598368)]
[(0.73678257645580914, 147.23677961431395), (0.78194046949095297, 154.58396319802046)]
[(0.73678257645580914, 147.23677961431395), (1.1465349894782964, 213.90344628098137), (1.6962755391560072, 303.34616538097418)]
[(0.78194046949095297, 154.58396319802046), (0.82753109691826121, 165.07401874956804), (0.87327931426390626, 175.6003345390418)]
[(0.78194046949095297, 154.58396319802046), (1.1706657400612825, 244.02668229801259), (1.7204062897389936, 370.51778870474936)]
[(0.87327931426390626, 175.6003345390418), (0.92091206474735265, 183.35017712196313), (0.96868850409560481, 191.12339786532789), (1.0166463965821393, 198.92614101173666), (1.0648618323454484, 210.02014493624131)]
[(0.87327931426390626, 175.6003345390418), (1.0390323265661519, 202.56832903757169), (1.2111627695674942, 230.57393071813215), (1.3885907690372181, 259.4414441776139)]
[(1.0648618323454484, 210.02014493624131), (1.1156419808376197, 221.70426969298111), (1.1665090073205855, 229.98032857900483)]
[(1.0648618323454484, 210.02014493624131), (1.2209776578229197, 235.42017033627963), (1.3823870409518593, 261.6814569082245), (1.5481400532541048, 288.64945140675457), (1.7219832791675558, 328.64945140675513)]
[(1.3885907690372181, 259.4414441776139), (1.5934669755484618, 306.58189625671776)]
[(1.3885907690372181, 259.4414441776139), (1.8532063335941291, 335.03433877946054), (2.4029468832718397, 424.47705787945335)]
[(1.1665090073205855, 229.98032857900483), (1.2204674113349376, 242.39574568388895)]
[(1.1665090073205855, 229.98032857900483), (1.3226248327980568, 255.38035397904341), (1.4868912409695607, 293.17680127996675)]
[(1.7219832791675558, 328.64945140675513), (2.2717238288452664, 418.09217050674476)]
[(1.7219832791675558, 328.64945140675513), (1.9094432506963486, 359.14916547327653), (2.1115318959368188, 405.64822097080503), (2.3288359283286328, 455.64822097080571), (2.5571032670438538, 508.17079411469547), (2.8029547148573464, 548.17079411469649), (3.0849656664737086, 613.05936256700329)]
[(1.5934669755484618, 306.58189625671776), (1.9344015914094641, 362.05191587924162), (2.369009656193092, 462.05191587924321)]
[(1.5934669755484618, 306.58189625671776), (1.8617128968150845, 368.30323624155574), (2.1791057511559639, 441.33291057557926), (2.5497407541391439, 526.61319711782585), (3.0515829205287632, 642.08325095575424)]
[(1.2204674113349376, 242.39574568388895), (1.3398634290855924, 269.86785847362717), (1.4609857438904499, 297.73717904529235), (1.5845307448848431, 326.16394122604083), (1.711998782615908, 346.90297512064961)]
[(1.2204674113349376, 242.39574568388895), (1.2811760991810723, 252.27304165038493), (1.3420334009285191, 262.17451708015182), (1.4033431795509035, 276.28142939732402), (1.4650378318753976, 286.31914166189409), (1.5269669169089732, 296.39499609909183)]
[(1.4868912409695607, 293.17680127996675), (1.6701380908621311, 335.34050341554587), (1.8645007261472959, 380.06186296554233), (2.0665893713877663, 412.94166042661425), (2.2805755901312028, 447.75719161775442), (2.5050062297357929, 484.27202878476612)]
[(1.4868912409695607, 293.17680127996675), (1.9515068055264715, 368.76969588181339), (2.5012473552041827, 495.26080228855017)]
[(3.0849656664737086, 613.05936256700329), (3.5868078328633279, 694.70902065977339)]
[(3.0849656664737086, 613.05936256700329), (3.4556006694568882, 673.36163148255787), (3.9574428358465075, 788.83168532047898)]
[(1.711998782615908, 346.90297512064961), (1.8461217432492192, 368.72476414424921), (1.9844239879292722, 400.54705551127893)]
[(1.711998782615908, 346.90297512064961), (2.1766143471728188, 422.49586972249631)]
[(1.5269669169089732, 296.39499609909183), (1.897601919892153, 381.67528264133716), (2.3622174844490638, 488.57977940630849)]
[(1.5269669169089732, 296.39499609909183), (1.5901096199659357, 310.92365034493503), (1.6536729985818406, 325.54909882747785)]
[(2.5050062297357929, 484.27202878476612), (2.8459408455967949, 562.71848284004227), (3.2165758485799745, 623.02075175559685), (3.7184180149695938, 704.67040984837195)]
[(2.5050062297357929, 484.27202878476612), (2.8598622286752402, 565.92168687754133), (3.4096027783529514, 655.3644059775354)]
[(1.9844239879292722, 400.54705551127893), (2.5341645376069835, 489.98977461127174)]
[(1.9844239879292722, 400.54705551127893), (2.1292933428571481, 424.11728155083085), (2.2829504977405808, 459.47262061015874)]
[(1.6536729985818406, 325.54909882747785), (1.8016581799688343, 349.62626944463204), (1.9541287753584302, 384.70859021691376)]
[(1.6536729985818406, 325.54909882747785), (1.7241757364859311, 337.01988552100607), (1.7951469362738208, 353.34981713956086), (1.8670837750036229, 369.90193491160846)]
[(2.2829504977405808, 459.47262061015874), (2.5002545301323944, 494.82795966948663), (2.7285218688476158, 531.96702730489801)]
[(2.2829504977405808, 459.47262061015874), (2.5037316154318918, 495.39368101551429)]
[(1.9541287753584302, 384.70859021691376), (2.1183951835299339, 422.50503751783708), (2.2922384094433852, 462.50503751783765), (2.4754852593359553, 492.31927721783518)]
[(1.9541287753584302, 384.70859021691376), (2.5038693250361415, 511.1996966236531)]
[(1.8670837750036229, 369.90193491160846), (1.9448288291176887, 382.55104555228218), (2.0230445942173185, 395.27674081179788), (2.1020642423597966, 413.45855899361629)]
[(1.8670837750036229, 369.90193491160846), (2.0614464102887879, 414.62329446160493), (2.2754326290322244, 463.85989085333858), (2.496213746723535, 499.78095125869413), (2.7327844126831669, 538.27096920467034), (2.9837054958779765, 579.09579825105789), (3.2657164474943388, 643.98436670336469), (3.6754688605168262, 738.26527086157375), (4.1773110269064455, 819.91492895434885)]
[(2.7285218688476158, 531.96702730489801), (3.2303640352372356, 647.4370811428264)]
[(2.7285218688476158, 531.96702730489801), (3.0105328204639781, 596.85559575720481), (3.3653888194034258, 678.50525384997991), (3.7751412324259133, 745.1719205166487), (4.3248817821036241, 834.61463961664276)]
[(2.5037316154318918, 495.39368101551429), (2.8743666184150714, 580.67396755776076), (3.308974683198699, 680.67396755776372)]
[(2.5037316154318918, 495.39368101551429), (2.8211244697727711, 547.03345896494807), (3.149657286115779, 600.48570734743453), (3.5594096991382664, 667.15237401410332)]
[(2.4754852593359553, 492.31927721783518), (2.6927892917277689, 542.31927721783654), (2.9338664705443143, 597.7892968403612)]
[(2.4754852593359553, 492.31927721783518), (2.8852376723584428, 586.60018137604425), (3.3870798387480621, 668.24983946881935)]
[(2.1020642423597966, 413.45855899361629), (2.4194570967006759, 486.48823332763982), (2.7900920996838559, 571.7685198698864), (3.2547076642407666, 678.67301663485932)]
[(2.1020642423597966, 413.45855899361629), (2.1840147249642943, 426.79189232694984), (2.2670802313748979, 445.90463162965)]
[(2.9338664705443143, 597.7892968403612), (3.3684745353279419, 697.78929684036416)]
[(2.9338664705443143, 597.7892968403612), (3.2748010864053163, 653.25931646288586), (3.709409151188944, 723.96999458154323)]
[(2.2670802313748979, 445.90463162965), (2.3555641036151593, 460.3009466446241), (2.4447437968370842, 474.81047164682457)]
[(2.2670802313748979, 445.90463162965), (2.51293167918839, 485.90463162965057), (2.7692495321179589, 527.60751444106677), (3.0589882419737107, 574.7479665201713), (3.4687406549961985, 669.02887067838037), (3.9705828213858179, 750.67852877115547)]
[(2.4447437968370842, 474.81047164682457), (2.5398665778722012, 496.69749785340821), (2.6361494356944943, 512.36270685316777)]
[(2.4447437968370842, 474.81047164682457), (2.7196140716759394, 519.53183119682171), (3.0177527444836034, 588.13126525382722), (3.3726087434230512, 669.78092334660232)]
[(2.6361494356944943, 512.36270685316777), (2.7371937583147292, 535.61223460193219), (2.8403507342723961, 559.34786776580995)]
[(2.6361494356944943, 512.36270685316777), (3.0067844386776739, 597.64299339541435), (3.4413925034613015, 697.64299339541731)]
[(2.8403507342723961, 559.34786776580995), (2.9511891268386217, 584.8509362883442)]
[(2.8403507342723961, 559.34786776580995), (3.1577435886132754, 632.3775420998345), (3.5125995875527232, 714.0272001926096), (3.9223520005752106, 808.30810435081867)]
[(2.9511891268386217, 584.8509362883442), (3.0723114416434787, 612.72025686000973)]
[(2.9511891268386217, 584.8509362883442), (3.2921237426996233, 663.29739034362024), (3.6469797416390715, 721.03241726258443), (4.0567321546615585, 815.3133214207935), (4.5585743210511787, 930.78337525872189)]
[(3.0723114416434787, 612.72025686000973), (3.2004703681082636, 642.20864809098998)]
[(3.0723114416434787, 612.72025686000973), (3.5369270062003899, 688.31315146185739), (4.0866675558781012, 814.80425786859587)]
[(3.2004703681082636, 642.20864809098998), (3.3453397230361395, 675.54198142432415)]
[(3.2004703681082636, 642.20864809098998), (3.4986090409159276, 710.80808214799549), (3.8271418572589355, 786.40097674984327), (4.2158671278292648, 875.84369584983733)]
[(3.3453397230361395, 675.54198142432415), (3.501455548513611, 711.46304182968015)]
[(3.3453397230361395, 675.54198142432415), (3.8471818894257588, 791.01203526225254)]
[(3.501455548513611, 711.46304182968015), (3.6735859915149534, 751.06894354874817)]
[(3.501455548513611, 711.46304182968015), (3.9660711130705222, 818.36753859465307)]
[(3.6735859915149534, 751.06894354874817), (3.9058937737934087, 788.86539084967194), (4.1807640486322644, 852.11094405304107), (4.5216986644932664, 930.5573981083171), (5.0714392141709768, 1020.0001172083112)]
[(3.6735859915149534, 751.06894354874817), (3.9418319127815757, 812.79028353358694)]
[(3.9418319127815757, 812.79028353358694), (4.4436740791711955, 894.43994162636204)]
[(3.9418319127815757, 812.79028353358694), (4.2966879117210235, 894.43994162636204), (4.7985300781106428, 976.08959971913714)]
