[(0.043325624793260728, 0.0), (0.086651249586521456, 7.049073768502411), (0.13005783170630364, 17.036597157280855), (0.17362769935107178, 27.061691299622552), (0.21727990382703494, 37.105730518659044)]
[(0.21727990382703494, 37.105730518659044), (0.26207652791428682, 47.413091959260484), (0.30699260987785854, 54.720932911679171), (0.35205936680994782, 65.090449858983391)]
[(0.21727990382703494, 37.105730518659044), (0.42215611033827855, 84.246182597761958), (0.64293722802958941, 135.04623339783763), (0.88878867584308174, 191.61477589276114), (1.1869273486507457, 260.21420994976336), (1.5278619645117479, 338.66066400503564), (1.9924775290686587, 445.56516077000322)]
[(0.35205936680994782, 65.090449858983391), (0.63407031842631012, 110.97359663309558), (0.97500493428731239, 189.42005068836835), (1.3456399372704921, 274.70033723061067), (1.8474821036601117, 390.17039106853349)]
[(0.35205936680994782, 65.090449858983391), (0.39774435231148775, 72.523391321455023)]
[(0.39774435231148775, 72.523391321455023), (0.89958651870110717, 187.99344515937861)]
[(0.39774435231148775, 72.523391321455023), (0.44374814827896231, 83.108513801954246), (0.48988135039789332, 90.614380052362236), (0.53621072577079076, 101.27441587014272)]
[(0.53621072577079076, 101.27441587014272), (0.58297387501313636, 112.03425974594072)]
[(0.53621072577079076, 101.27441587014272), (0.90684572875397063, 161.57668478569508), (1.4086878951435902, 243.22634287846677)]
[(0.58297387501313636, 112.03425974594072), (0.69861266875337291, 138.64186395545011), (0.81581774775438798, 165.6098584539796), (0.93694006255924533, 193.47917902564416)]
[(0.58297387501313636, 112.03425974594072), (0.63423744559905015, 123.82961623833243), (0.68568025998564441, 135.66621536177598), (0.73730421160307891, 147.54449278010588)]
[(0.93694006255924533, 193.47917902564416), (1.0630591942019634, 213.9987460673471), (1.191218120666748, 234.8501874730544)]
[(0.93694006255924533, 193.47917902564416), (1.4387822289488648, 275.12883711841528)]
[(0.73730421160307891, 147.54449278010588), (0.97838139041962424, 203.01451240262844)]
[(0.73730421160307891, 147.54449278010588), (0.79025206917210467, 156.1591026251848), (0.843397494060251, 164.80585664852708), (0.89689404874611012, 177.11500574646027)]
[(1.191218120666748, 234.8501874730544), (1.333160520242527, 267.510050710163)]
[(1.191218120666748, 234.8501874730544), (1.5321527365277503, 313.29664152832663), (1.9967683010846611, 420.20113829329421)]
[(0.97838139041962424, 203.01451240262844), (1.2765200632272882, 271.6139464596306), (1.6174546790882904, 350.06040051490288), (2.0820702436452012, 456.96489727987046)]
[(0.97838139041962424, 203.01451240262844), (1.4802235568092439, 318.4845662405512)]
[(0.89689404874611012, 177.11500574646027), (0.95085245276046204, 185.89403137258316), (1.0050726652213067, 198.36968860361918)]
[(0.89689404874611012, 177.11500574646027), (1.3615096133030209, 284.01950251142785)]
[(1.333160520242527, 267.510050710163), (1.4974269284140311, 305.30649801108518), (1.6712701543274822, 345.3064980110845)]
[(1.333160520242527, 267.510050710163), (1.6505533745834062, 340.53972504418391), (1.9790861909264139, 393.99197342666798), (2.4136942557100411, 493.99197342666605)]
[(1.0050726652213067, 198.36968860361918), (1.0613564877534116, 211.32016676838262), (1.1179976714790576, 224.35287101740403)]
[(1.0050726652213067, 198.36968860361918), (1.2190588839647432, 247.6062849953517)]
[(1.6712701543274822, 345.3064980110845), (1.8681088465708935, 390.59757937686766)]
[(1.6712701543274822, 345.3064980110845), (2.1731123207171015, 426.95615610385562)]
[(1.1179976714790576, 224.35287101740403), (1.17797928294298, 238.15418220425101), (1.2382485776471164, 252.02168710988161)]
[(1.1179976714790576, 224.35287101740403), (1.2954256709487815, 265.17770006378976)]
[(1.2190588839647432, 247.6062849953517), (1.7209010503543625, 363.07633883327446)]
[(1.2190588839647432, 247.6062849953517), (1.4699799671595528, 305.34131191431334), (1.7320584911140555, 347.98145518543481), (2.0301971639217196, 396.48858019270062), (2.4648052287053468, 467.19925831135447)]
[(1.8681088465708935, 390.59757937686766), (2.1501197981872555, 455.48614782917139), (2.4574341079541213, 526.19682594782421), (2.8280691109373008, 611.47711249006534)]
[(1.8681088465708935, 390.59757937686766), (2.222964845510341, 448.33260629582935), (2.6875804100672522, 523.92550089767246)]
[(1.8681088465708935, 390.59757937686766), (2.3327244111278045, 466.19047397871168)]
[(1.2382485776471164, 252.02168710988161), (1.3013081434684755, 266.53121211208162), (1.3648715220843803, 281.15666059462404)]
[(1.2382485776471164, 252.02168710988161), (1.4626792172517062, 303.66146505931295), (1.6992498832113381, 358.09457045449369), (1.9555677361409074, 417.07135291645136), (2.2375786877572694, 481.95992136875509), (2.5661115041002773, 557.5528159705982), (3.0679536704898966, 673.02286980851932)]
[(1.2954256709487815, 265.17770006378976), (1.7300337357324092, 335.8883781824436), (2.2318759021220287, 451.35843202036642)]
[(1.2954256709487815, 265.17770006378976), (1.4922643631921928, 297.2033308248067), (1.6971405697034365, 330.5366641581395), (1.9111267884468732, 365.35219534927853)]
[(1.3648715220843803, 281.15666059462404), (1.4324376105725742, 292.14965479321012)]
[(1.3648715220843803, 281.15666059462404), (1.554550032037642, 312.01733058704201), (1.7513887242810533, 357.30841195282517), (1.9622046015573098, 405.81553696009098)]
[(1.9111267884468732, 365.35219534927853), (2.1620478716416831, 423.08722226824023)]
[(1.9111267884468732, 365.35219534927853), (2.4608673381245842, 491.84330175601087)]
[(1.4324376105725742, 292.14965479321012), (1.5013709335610841, 308.01068650757281), (1.5706317326113304, 319.27940990395285), (1.6404488522375542, 335.34379648200263)]
[(1.4324376105725742, 292.14965479321012), (1.8421900235950615, 386.43055895141447)]
[(1.9622046015573098, 405.81553696009098), (2.5119451512350208, 495.25825606008061)]
[(1.9622046015573098, 405.81553696009098), (2.2080560493708021, 462.3840794550141), (2.4763019706374245, 524.10541943984936), (2.7936948249783038, 597.13509377386936), (3.1824200955486339, 686.57781287385774)]
[(2.1620478716416831, 423.08722226824023), (2.5326828746248631, 508.36750881048249), (3.0345250410144824, 590.01716690325247)]
[(2.1620478716416831, 423.08722226824023), (2.5507731422120128, 486.33277547160662), (3.0526153086016321, 601.80282930952785)]
[(1.6404488522375542, 335.34379648200263), (1.7646225850328763, 363.91522505343085)]
[(1.6404488522375542, 335.34379648200263), (1.7256825062028047, 354.95540999582079)]
[(1.7646225850328763, 363.91522505343085), (2.0627612578405401, 432.51465911043306), (2.3700755676074055, 482.51465911043215), (2.7110101834684079, 560.96111316570341), (3.1207625964908954, 655.24201732390634), (3.6705031461686062, 781.73312373063686)]
[(1.7646225850328763, 363.91522505343085), (1.9084962624924802, 387.32345449265659), (2.055420604528964, 411.22802667934411), (2.2102924593812676, 446.86285893433342)]
[(1.7646225850328763, 363.91522505343085), (2.2292381495897873, 439.50811965527487)]
[(1.7256825062028047, 354.95540999582079), (2.1354349192252919, 449.23631415402508), (2.6372770856149117, 564.70636799194631)]
[(1.7256825062028047, 354.95540999582079), (1.8134865947076233, 375.1584608868647), (1.9024325268637325, 389.6299529927129), (1.9920853252263828, 404.21645214250213), (2.0829546350857386, 419.00087756159337)]
[(2.2102924593812676, 446.86285893433342), (2.6749080239381779, 553.76735569929951)]
[(2.2102924593812676, 446.86285893433342), (2.3791439269775823, 485.71429342862336), (2.5512743699789246, 513.71989510918274), (2.7325184619245997, 555.42277792059667)]
[(2.0829546350857386, 419.00087756159337), (2.2203897725051664, 450.62365416327668), (2.3623321720809454, 483.28351740038534), (2.5092565141174292, 517.08968758952506), (2.6617271095070247, 552.17200836180518)]
[(2.0829546350857386, 419.00087756159337), (2.2064996360801321, 447.42763974234106)]
[(2.7325184619245997, 555.42277792059667), (2.9346071071650699, 601.92183341812301), (3.1553882248563809, 652.7218842181976)]
[(2.7325184619245997, 555.42277792059667), (3.234360628314219, 670.89283175851779)]
[(2.6617271095070247, 552.17200836180518), (2.8491870810358173, 595.3051176431793), (3.0569694781865562, 643.11426201655354)]
[(2.6617271095070247, 552.17200836180518), (2.979119963847904, 625.20168269582973), (3.3339759627873518, 706.85134078860483), (3.7437283758098392, 773.51800745527362)]
[(2.2064996360801321, 447.42763974234106), (2.3475051118883132, 479.87192396849298), (2.4913787893479169, 512.97615951258672)]
[(2.2064996360801321, 447.42763974234106), (2.4747455573467545, 491.07121778953888), (2.7921384116876342, 564.10089212355888), (3.1330730275486363, 619.57091174608036), (3.5217982981189655, 682.81646494944584)]
[(3.1553882248563809, 652.7218842181976), (3.4373991764727432, 698.60503099230868)]
[(3.1553882248563809, 652.7218842181976), (3.5260232278395609, 713.02415313374877), (3.9357756408620483, 779.69081980041346)]
[(3.0569694781865562, 643.11426201655354), (3.4276044811697362, 703.41653093210471)]
[(3.0569694781865562, 643.11426201655354), (3.3132873311161255, 684.81714482796747)]
[(2.4913787893479169, 512.97615951258672), (3.0411193390256281, 639.46726591931724)]
[(2.4913787893479169, 512.97615951258672), (2.6438493847375129, 548.05848028486685), (2.8012396462626366, 584.27277870187322)]
[(3.4373991764727432, 698.60503099230868), (3.8261244470430729, 788.04775009229706)]
[(3.4373991764727432, 698.60503099230868), (3.9871397261504544, 825.09613739903921)]
[(3.3132873311161255, 684.81714482796747), (3.8151294975057448, 800.28719866589586)]
[(3.3132873311161255, 684.81714482796747), (3.6542219469771275, 763.2635988832435), (4.2039624966548388, 889.75470528998198)]
[(2.8012396462626366, 584.27277870187322), (3.0152258650060726, 633.50937509360483), (3.247533647284528, 686.96162347608811), (3.5157795685511504, 748.68296346092325), (3.8443123848941583, 824.27585806276625), (4.278920449677786, 924.27585806276284)]
[(2.8012396462626366, 584.27277870187322), (3.0575574991922054, 643.24956116383009), (3.3395684508085677, 708.1381296161328), (3.7493208638310551, 802.41903377433573), (4.2511630302206749, 884.06869186710583)]
