[(0.033783044244096908, 0.0), (0.067566088488193815, 5.4964970992931281), (0.10138747173941985, 13.278539355702758), (0.13529882272806384, 21.081282502111478), (0.16928786305332505, 28.901901372169242), (0.20336821932985549, 36.743531345947488), (0.23750108774273274, 44.597243961674153)]
[(0.23750108774273274, 44.597243961674153), (0.27195420900409661, 50.202762508386272), (0.30644799892560881, 55.814897841049415), (0.34103724525791135, 63.773619534242833), (0.37576424301677014, 71.764036779755287)]
[(0.23750108774273274, 44.597243961674153), (0.49957961169723547, 104.89951287722735), (0.80689392146410088, 154.89951287722766), (1.1354267378071086, 208.35176125971304), (1.5700348025907362, 279.06243937836928)]
[(0.37576424301677014, 71.764036779755287), (0.92550479269448105, 198.25514318649113)]
[(0.37576424301677014, 71.764036779755287), (0.41061663455566622, 79.783306177401585)]
[(0.41061663455566622, 79.783306177401585), (0.67269515851016892, 122.42344944852388), (0.94756543334902454, 167.14480899852003), (1.2885000492100267, 245.59126305379448)]
[(0.41061663455566622, 79.783306177401585), (0.44579575221438988, 85.506944247723027), (0.48106162491893201, 93.621352507058845)]
[(0.48106162491893201, 93.621352507058845), (0.89081403794141922, 160.28801917372624)]
[(0.48106162491893201, 93.621352507058845), (0.51648822959353446, 101.77274396645109), (0.55195905305548565, 107.54384253469873)]
[(0.55195905305548565, 107.54384253469873), (0.58936415965625066, 116.15047219293746), (0.62685615396200911, 124.77709404921256)]
[(0.55195905305548565, 107.54384253469873), (0.66560392500915311, 133.69266055312352)]
[(0.62685615396200911, 124.77709404921256), (0.66455917429262168, 130.91137077053006)]
[(0.62685615396200911, 124.77709404921256), (1.0155814245323387, 214.2198131492047), (1.5174235909219582, 329.6898669871315)]
[(0.66560392500915311, 133.69266055312352), (0.97291823477601858, 183.69266055312386), (1.3138528506370206, 262.13911460839881), (1.7784684151939316, 369.04361137337014)]
[(0.66560392500915311, 133.69266055312352), (0.78914892600354636, 162.11942273387183), (0.9152680576462644, 191.13847273827258), (1.0455690643856625, 221.11974029810733)]
[(0.66455917429262168, 130.91137077053006), (1.1664013406822411, 246.38142460845609)]
[(0.66455917429262168, 130.91137077053006), (0.7024587985746934, 139.63178517446906), (0.74044881083222458, 148.37299716197441)]
[(1.0455690643856625, 221.11974029810733), (1.1847550384708705, 253.14537105912507)]
[(1.0455690643856625, 221.11974029810733), (1.5474112307752819, 302.76939839088129)]
[(0.74044881083222458, 148.37299716197441), (1.0086947320988471, 210.09433714681194), (1.2984334419545986, 276.76100381347976), (1.6690684449377786, 337.06327272903354), (2.0788208579602658, 403.72993939570142)]
[(0.74044881083222458, 148.37299716197441), (0.90185819396116418, 185.51206479738499), (1.0707096615574792, 224.36349929167579), (1.2428401045588215, 252.36910097223625), (1.4221457012841221, 281.54209927181557)]
[(0.74044881083222458, 148.37299716197441), (0.78002000148055084, 157.47802623409419), (0.81965284554042339, 163.92628503628583)]
[(1.1847550384708705, 253.14537105912507), (1.5734803090412, 342.58809015911788), (2.123220858718911, 469.07919656585466)]
[(1.1847550384708705, 253.14537105912507), (1.3372256338604662, 288.22769183140679), (1.4946158953855899, 324.44199024841475)]
[(1.4221457012841221, 281.54209927181557), (1.8867612658410331, 388.4465960367869)]
[(1.4221457012841221, 281.54209927181557), (1.6270219077953658, 328.68255135091943), (1.8514525473999557, 380.32232930035241), (2.0880232133595875, 418.81234724632805)]
[(0.81965284554042339, 163.92628503628583), (0.90529925569194991, 183.63287059957185), (0.99136447719262111, 197.63567143985205), (1.0787239851774553, 217.73642774503645), (1.1674379849123171, 238.14884226822971)]
[(0.81965284554042339, 163.92628503628583), (0.86447924472174853, 174.24049749887382), (0.90942534077618287, 184.58225129877428), (0.95464429927943406, 194.98678866642854), (1.000017011910467, 205.42670368586622)]
[(1.4946158953855899, 324.44199024841475), (1.8355505112465922, 402.88844430368977), (2.2701585760302199, 473.599122422346), (2.8198991257079307, 563.04184152234006)]
[(1.4946158953855899, 324.44199024841475), (1.6799333968771801, 367.08213351953748), (1.8767720891205915, 412.37321488532211)]
[(2.0880232133595875, 418.81234724632805), (2.5226312781432152, 518.812347246331)]
[(2.0880232133595875, 418.81234724632805), (2.4054160677004668, 491.84202158035157), (2.8400241324840945, 591.84202158035441)]
[(1.1674379849123171, 238.14884226822971), (1.2585565937582641, 259.11453900266838)]
[(1.1674379849123171, 238.14884226822971), (1.7171785345900283, 364.63994867496649)]
[(1.000017011910467, 205.42670368586622), (1.046182736558724, 216.04908472042919), (1.0926111417034117, 226.73190653318193), (1.1391725798002608, 237.44533821329361)]
[(1.000017011910467, 205.42670368586622), (1.2682629331770894, 267.14804367070417), (1.5664016059847532, 335.74747772770877), (1.9370366089679332, 421.0277642699541)]
[(1.8767720891205915, 412.37321488532211), (2.1587830407369535, 458.25636165943524), (2.4569217135446175, 506.76348666670253), (2.7743145678854972, 558.40326461613631), (3.2089226326691249, 629.11394273479368)]
[(1.8767720891205915, 412.37321488532211), (2.1941649434614705, 485.40288921934564), (2.5828902140317997, 574.84560831933959), (3.0475057785887105, 681.75010508431251)]
[(1.2585565937582641, 259.11453900266838), (1.4868239324734855, 296.25360663807805), (1.7233945984331174, 334.74362458405244), (1.9854731223876201, 395.0458934996044), (2.2674840740039826, 459.93446195190813), (2.5572227838597343, 507.07491403101062), (2.8746156382006136, 558.71469198044133), (3.2294716371400609, 616.44971889940211), (3.6392240501625484, 683.11638556606681)]
[(1.2585565937582641, 259.11453900266838), (1.3582625218866646, 275.33668111574485)]
[(1.1391725798002608, 237.44533821329361), (1.4464868895671261, 308.1560163319499), (1.7874215054281284, 386.60247038722491), (2.3371620551058392, 513.09357679396339)]
[(1.1391725798002608, 237.44533821329361), (1.6037881443571715, 313.0382328151403)]
[(1.1391725798002608, 237.44533821329361), (1.1866275291761468, 248.36436002194597), (1.23415335977059, 256.09680675221665), (1.2819297991188421, 267.08980095080307), (1.329814862569451, 274.88069482211938), (1.3778092944079428, 282.68938291654979)]
[(1.3582625218866646, 275.33668111574485), (1.4610581763280188, 298.98917695530849), (1.5660807098781238, 323.15406068851598)]
[(1.3582625218866646, 275.33668111574485), (1.9080030715643754, 401.82778752248157)]
[(1.3778092944079428, 282.68938291654979), (1.4966460771509471, 302.02411269746335), (1.616609300078792, 321.54211415643431), (1.7401543010731855, 349.96887633718279), (1.8676223388042503, 370.70791023179157), (1.9986616007815017, 400.85904468956835)]
[(1.3778092944079428, 282.68938291654979), (1.577221150664744, 315.13366714270273), (1.7820973571759877, 362.27411922180659), (1.9994013895678016, 412.27411922180727), (2.2238320291723914, 448.78895638881897), (2.4604026951320228, 487.27897433479461)]
[(1.3778092944079428, 282.68938291654979), (1.4323487650496123, 295.23849901931317), (1.4871042344401137, 307.83731478628761)]
[(1.5660807098781238, 323.15406068851598), (1.6838221993658433, 350.24547914766026), (1.8037854222936882, 377.84810152135481), (1.9273304232880817, 406.27486370210329)]
[(1.5660807098781238, 323.15406068851598), (1.8119321576916161, 363.15406068851655), (2.074010681646119, 423.45632960407033), (2.3637493915018708, 490.12299627073821), (2.7524746620722, 579.56571537073228), (3.3022152117499113, 706.05682177747076)]
[(1.9986616007815017, 400.85904468956835), (2.5005037671711214, 516.32909852749685)]
[(1.9986616007815017, 400.85904468956835), (2.1378475748667096, 432.88467545058631), (2.2858327562537033, 466.93493668093674)]
[(2.4604026951320228, 487.27897433479461), (2.7585413679396869, 555.87840839180012), (3.1291763709228668, 616.1806773073547), (3.5389287839453543, 682.84734397402349)]
[(2.4604026951320228, 487.27897433479461), (3.0101432448097341, 613.77008074153309)]
[(1.4871042344401137, 307.83731478628761), (1.7044082668319276, 357.83731478628829), (1.932675605547149, 410.35988793017805), (2.1835966887419587, 468.09491484914156), (2.4656076403583214, 532.98348330144836), (2.7941404567013293, 608.57637790329613), (3.2038928697238167, 675.24304456996492)]
[(1.4871042344401137, 307.83731478628761), (1.544048476421628, 320.93975042789617), (1.6014878950449902, 334.15612243699815)]
[(1.9273304232880817, 406.27486370210329), (2.083446248765553, 431.67488910214172), (2.2462653475956817, 458.16553624344294)]
[(1.9273304232880817, 406.27486370210329), (2.1322066297993252, 439.60819703543712), (2.3430225070755819, 473.90791406393942), (2.5674531466801715, 510.42275123095186)]
[(2.2858327562537033, 466.93493668093674), (2.8355733059314145, 556.37765578093081)]
[(2.2858327562537033, 466.93493668093674), (2.4419485817311748, 492.33496208097517), (2.6092293038610479, 530.82498002695138)]
[(1.6014878950449902, 334.15612243699815), (1.7934656223989573, 365.39087481471984), (1.9928774786557586, 397.83515904087278)]
[(1.6014878950449902, 334.15612243699815), (1.6618297596666898, 348.04032512701082)]
[(2.2462653475956817, 458.16553624344294), (2.4635693799874954, 493.52087530277083), (2.6958771622659508, 531.31732260369472), (2.9369543410824961, 570.54054963133262), (3.2266930509382479, 617.68100171043716), (3.5340073607051132, 667.68100171043852), (3.8749419765661153, 723.15102133296318), (4.376784142955735, 838.62107517089157)]
[(2.2462653475956817, 458.16553624344294), (2.5083438715501849, 518.46780515899763), (2.8064825443578485, 587.06723921600314)]
[(2.5674531466801715, 510.42275123095186), (2.9083877625411736, 588.86920528622795), (3.3429958273248013, 688.86920528623091)]
[(2.5674531466801715, 510.42275123095186), (2.9561784172505008, 573.66830443432104), (3.4207939818074111, 649.26119903616882)]
[(2.6092293038610479, 530.82498002695138), (2.8200451811373046, 565.12469705545413), (3.0523529634157596, 618.57694543794059)]
[(2.6092293038610479, 530.82498002695138), (2.8912402554774101, 576.70812680106519), (3.2197730718204181, 630.16037518355165)]
[(1.9928774786557586, 397.83515904087278), (2.2748884302721208, 462.72372749317879), (2.5922812846130001, 535.75340182720333), (2.9629162875961801, 621.03368836944992), (3.4275318521530909, 727.93818513442284)]
[(1.9928774786557586, 397.83515904087278), (2.300191788422624, 447.83515904087346), (2.6287246047656323, 501.28740742335924), (2.9993596077488118, 586.56769396560571), (3.3880848783191415, 649.81324716897484), (3.9378254279968528, 739.2559662689689)]
[(1.6618297596666898, 348.04032512701082), (2.0964378244503172, 448.04032512701235), (2.6461783741280285, 574.53143153375095)]
[(1.6618297596666898, 348.04032512701082), (1.7229875931270384, 362.11227602161682), (1.7844504550804114, 376.254411645348)]
[(2.8064825443578485, 587.06723921600314), (3.3562230940355597, 676.50995831599721)]
[(2.8064825443578485, 587.06723921600314), (3.2162349573803359, 681.34814337421221)]
[(3.0523529634157596, 618.57694543794059), (3.6020935130934708, 708.01966453793466)]
[(3.0523529634157596, 618.57694543794059), (3.3272232382546152, 681.82249864130972), (3.6345375480214801, 752.53317675996709), (4.0232628185918102, 815.77872996333622), (4.5730033682695215, 905.22144906333028)]
[(3.2197730718204181, 630.16037518355165), (3.7695136214981293, 756.65148159029013)]
[(3.2197730718204181, 630.16037518355165), (3.7695136214981293, 719.60309428354572)]
[(1.7844504550804114, 376.254411645348), (1.9273487065307504, 399.50393939411219), (2.074273048567234, 423.40851158080045)]
[(1.7844504550804114, 376.254411645348), (1.8527425239174928, 391.96789567171595), (1.9216758469060027, 407.82892738607904), (1.9910468461835364, 419.11558034574119), (2.0607516292613286, 430.45653988821618)]
[(2.074273048567234, 423.40851158080045), (2.2555171405129086, 465.1113943922162), (2.4474948678668755, 509.28400482215545), (2.6418575031520404, 540.90678142384013), (2.8439461483925106, 573.78657888491239)]
[(2.074273048567234, 423.40851158080045), (2.3491433234060897, 486.65406478416878), (2.6665361777469689, 559.68373911819322), (3.0552614483172982, 649.12645821818728), (3.6050019979950094, 775.61756462492576)]
[(2.0607516292613286, 430.45653988821618), (2.4016862451223306, 485.92655951074005), (2.9035284115119504, 601.39661334866855)]
[(2.0607516292613286, 430.45653988821618), (2.1323217527458693, 446.92427928006879)]
[(2.8439461483925106, 573.78657888491239), (3.2326714189628407, 663.22929798490645), (3.73451358535246, 778.69935182283484)]
[(2.8439461483925106, 573.78657888491239), (3.1002640013220799, 632.76336134687267)]
[(2.1323217527458693, 446.92427928006879), (2.2215014459677938, 467.44384632177218), (2.3116349598319728, 488.18288021638097), (2.4040315919458508, 509.44264035449066)]
[(2.1323217527458693, 446.92427928006879), (2.2552474766526154, 475.20855052753109), (2.3813666082953335, 504.22760053193201)]
[(3.1002640013220799, 632.76336134687267), (3.5648795658789911, 739.66785811184559), (4.1146201155567024, 829.11057721183965)]
[(3.1002640013220799, 632.76336134687267), (3.4551200002615272, 714.41301943964777), (3.9569621666511465, 829.88307327757616)]
[(2.4040315919458508, 509.44264035449066), (2.5308197952950109, 530.0710652796671), (2.6589787217597958, 550.92250668537508), (2.7907689312142283, 581.246428428532)]
[(2.4040315919458508, 509.44264035449066), (2.5960093192998177, 553.6152507844306), (2.7928480115432288, 598.9063321502158), (2.994936656783699, 631.78612961128806), (3.2232039954989204, 684.3087027551785), (3.4852825194534232, 744.61097167073308)]
[(2.4040315919458508, 509.44264035449066), (2.5960093192998177, 540.67739273221275), (2.7954211755566187, 586.56053950632645), (3.006237052832875, 635.06766451359454), (3.2270181705241856, 670.98872491895054), (3.459325952802641, 708.78517221987431), (3.7156438057322103, 750.48805503129051), (4.0565784215932119, 805.95807465381517), (4.4453036921635416, 869.2036278571843), (4.9471458585531609, 950.8532859499594)]
[(2.3813666082953335, 504.22760053193201), (2.8832087746849533, 619.6976543698604)]
[(2.3813666082953335, 504.22760053193201), (2.5146982761192347, 534.90620008582766)]
[(2.7907689312142283, 581.246428428532), (3.225376995997856, 681.24642842853495)]
[(2.7907689312142283, 581.246428428532), (2.9346426086738324, 614.35066397262767)]
[(3.4852825194534232, 744.61097167073308), (3.8559175224366036, 829.89125821297966)]
[(3.4852825194534232, 744.61097167073308), (3.9498980840103339, 851.515468435706)]
[(2.5146982761192347, 534.90620008582766), (2.7829441973858571, 596.62754007066633), (3.0649551490022193, 642.51068684478014), (3.3934879653452272, 718.10358144662791), (3.7822132359155565, 807.54630054662198), (4.2840554023051762, 923.01635438455037)]
[(2.5146982761192347, 534.90620008582766), (2.6733947032896741, 571.42103725283982), (2.8438620112201751, 610.64426428047773)]
[(2.9346426086738324, 614.35066397262767), (3.122102580202625, 644.85037803914952), (3.3164652154877898, 689.57173758914655), (3.5242476126385287, 723.37790777828809), (3.7415516450303423, 758.73324683761643), (3.9738594273087977, 796.52969413854021)]
[(2.9346426086738324, 614.35066397262767), (3.1669503909522878, 667.80291235511413), (3.4178714741470975, 725.53793927407833), (3.7251857839139633, 796.2486173927357), (4.0958207868971428, 881.52890393498228), (4.645561336574854, 970.97162303497635)]
[(2.8438620112201751, 610.64426428047773), (3.0682926508247648, 662.28404222991139)]
[(2.8438620112201751, 610.64426428047773), (3.1336007210759269, 677.31093094714652), (3.4621335374189348, 752.90382554899429), (3.8967416022025625, 852.90382554899725)]
[(3.9738594273087977, 796.52969413854021), (4.5235999769865085, 923.02080054527869)]
[(3.9738594273087977, 796.52969413854021), (4.2635981371645491, 863.196360805209), (4.6184541361039972, 920.93138772417319)]
[(3.0682926508247648, 662.28404222991139), (3.4092272666857668, 740.73049628518743), (3.7979525372560961, 830.17321538518149), (4.3476930869338073, 919.61593448517556)]
[(3.0682926508247648, 662.28404222991139), (3.385685505165644, 713.92382017934506), (3.7405415041050918, 795.57347827212016), (4.1292667746754219, 858.81903147548928)]
